1.278430425805039224e-06 1.285650647212938411e-06 1.293037878161300612e-06 1.300596947816003936e-06 1.308332863632287357e-06 1.316250819592685050e-06 1.324356204906984380e-06 1.332654613204906339e-06 1.341151852254631666e-06 1.349853954242848611e-06 1.358767186654865305e-06 1.367898063796390040e-06 1.377253359001972988e-06 1.386840117578793439e-06 1.396665670538490703e-06 1.406737649174207259e-06 1.417064000544824101e-06 1.427653003933728454e-06 1.438513288355315919e-06 1.449653851188862785e-06 1.461084078026548475e-06 1.472813763830229676e-06 1.484853135500238073e-06 1.497212875969076046e-06 1.509904149943474481e-06 1.522938631430039383e-06 1.536328533192779265e-06 1.550086638305282333e-06 1.564226333976436616e-06 1.578761647846533756e-06 1.593707286970583975e-06 1.609078679727964499e-06 1.624892020922407612e-06 1.641164320364140960e-06 1.657913455257048917e-06 1.675158226748483572e-06 1.692918421038209588e-06 1.711214875486503204e-06 1.730069550210113976e-06 1.749505605709310518e-06 1.769547487130296911e-06 1.790221015835551338e-06 1.811553489031066729e-06 1.833573788284880371e-06 1.856312497866751698e-06 1.879802033945368867e-06 1.904076785798321643e-06 1.929173270322426810e-06 1.955130301279289465e-06 1.981989174874581579e-06 2.009793873451009383e-06
1.479561799727929325e-06 1.488505773267810535e-06 1.497662034760543470e-06 1.507036947430534793e-06 1.516637119516963357e-06 1.526469416115051356e-06 1.536540971713543409e-06 1.546859203477018558e-06 1.557431825325683367e-06 1.568266862869587898e-06 1.579372669259045685e-06 1.590757942018173288e-06 1.602431740934295812e-06 1.614403507082189797e-06 1.626683083069132253e-06 1.639280734594311894e-06 1.652207173424643780e-06 1.665473581898251088e-06 1.679091639077251098e-06 1.693073548682756107e-06 1.707432068957683423e-06 1.722180544616868414e-06 1.737332941059526969e-06 1.752903881036309949e-06 1.768908683982377552e-06 1.785363408249223690e-06 1.802284896491779853e-06 1.819690824493812461e-06 1.837599753744195572e-06 1.856031188109676948e-06 1.875005634986629427e-06 1.894544671355492925e-06 1.914671015207702704e-06 1.935408602866387864e-06 1.956782672779712338e-06 1.978819856430109819e-06 2.001548277074543898e-06 2.024997657111300088e-06 2.049199434958469519e-06 2.074186892429291831e-06 2.099995293701047649e-06 2.126662037098231831e-06 2.154226821048816888e-06 2.182731825725593424e-06 2.212221912054581155e-06 2.242744839960613138e-06 2.274351507928130999e-06 2.307096216184685519e-06 2.341036956067150151e-06 2.376235728408259944e-06 2.412758894085392540e-06
1.713051752673775170e-06 1.724101937313893124e-06 1.735421417133064869e-06 1.747018562984043022e-06 1.758902081906444300e-06 1.771081034121456789e-06 1.783564851074185513e-06 1.796363354600599210e-06 1.809486777302640207e-06 1.822945784222388508e-06 1.836751495914138765e-06 1.850915513022116013e-06 1.865449942481275088e-06 1.880367425469406309e-06 1.895681167250644556e-06 1.911404969063656381e-06 1.927553262222335613e-06 1.944141144613027295e-06 1.961184419790230367e-06 1.978699638892668502e-06 1.996704145623791465e-06 2.015216124565456998e-06 2.034254653120993030e-06 2.053839757414504300e-06 2.073992472507429671e-06 2.094734907331461916e-06 2.116090314779471236e-06 2.138083167443557636e-06 2.160739239542351441e-06 2.184085695638851167e-06 2.208151186816159070e-06 2.232965955052133509e-06 2.258561946616223339e-06 2.284972935403338784e-06 2.312234657221685786e-06 2.340384956165055092e-06 2.369463944326306740e-06 2.399514176248938991e-06 2.430580839669104065e-06 2.462711964272469679e-06 2.495958650380581688e-06 2.530375319691307095e-06 2.566019990429145816e-06 2.602954579515397087e-06 2.641245234647034691e-06 2.680962699478452638e-06 2.722182715433680488e-06 2.764986464040151290e-06 2.809461054070178715e-06 2.855700058204990900e-06 2.903804104399880132e-06
1.984225607467622988e-06 1.997846847589973652e-06 2.011809118523238711e-06 2.026123417439473828e-06 2.040801202215657900e-06 2.055854415795595605e-06 2.071295512126709985e-06 2.087137483793335309e-06 2.103393891479124633e-06 2.120078895403378296e-06 2.137207288889513576e-06 2.154794534238778558e-06 2.172856801098826595e-06 2.191411007534956900e-06 2.210474864032172994e-06 2.230066920678684627e-06 2.250206617806484462e-06 2.270914340392493963e-06 2.292211476554734970e-06 2.314120480512464428e-06 2.336664940417647687e-06 2.359869651508005230e-06 2.383760695079572166e-06 2.408365523829969122e-06 2.433713054182954683e-06 2.459833766270925209e-06 2.486759812325823049e-06 2.514525134310984476e-06 2.543165591717848428e-06 2.572719100553227912e-06 2.603225784655711767e-06 2.634728140605360430e-06 2.667271217629913364e-06 2.700902814064847667e-06 2.735673692095003834e-06 2.771637812693666845e-06 2.808852592882309211e-06 2.847379187662411991e-06 2.887282799221268133e-06 2.928633016288196312e-06 2.971504186817856041e-06 3.015975827504835119e-06 3.062133073990256783e-06 3.110067176008400901e-06 3.159876042140826571e-06 3.211664839298933311e-06 3.265546652544659702e-06 3.321643211384831458e-06 3.380085689238572031e-06 3.441015583380820139e-06 3.504585683309368753e-06
2.299344520831854414e-06 2.316102494003424648e-06 2.333291753812201480e-06 2.350926733029120678e-06 2.369022495183976898e-06 2.387594769459213190e-06 2.406659987949329948e-06 2.426235325477813702e-06 2.446338742181668996e-06 2.466989029093845072e-06 2.488205856976204009e-06 2.510009828680556006e-06 2.532422535342900323e-06 2.555466616746583686e-06 2.579165826224339779e-06 2.603545100506971510e-06 2.628630634968799516e-06 2.654449964766869251e-06 2.681032052423379306e-06 2.708407382458983513e-06 2.736608063749482181e-06 2.765667940350662542e-06 2.795622711616311207e-06 2.826510062523738930e-06 2.858369805220339606e-06 2.891244032914900624e-06 2.925177287359470881e-06 2.960216741302964737e-06 2.996412397447366581e-06 3.033817305602841881e-06 3.072487799920515294e-06 3.112483758282657021e-06 3.153868886150945499e-06 3.196711027415836964e-06 3.241082505055599391e-06 3.287060494703505219e-06 3.334727434537997860e-06 3.384171475254660990e-06 3.435486974252087959e-06 3.488775038568065859e-06 3.544144121538916180e-06 3.601710678625238376e-06 3.661599888352615828e-06 3.723946444857614462e-06 3.788895429108715079e-06 3.856603266489657299e-06 3.927238779090122212e-06 4.000984341746630057e-06 4.078037151615656099e-06 4.158610621842131772e-06 4.242935910710276614e-06
2.665791288433305750e-06 2.686375511779363505e-06 2.707504607416391021e-06 2.729197504117941191e-06 2.751473993751099517e-06 2.774354781230035345e-06 2.797861538019934029e-06 2.822016959493046490e-06 2.846844826468458536e-06 2.872370071300278451e-06 2.898618848915724621e-06 2.925618613245421509e-06 2.953398199533686126e-06 2.981987913067072392e-06 3.011419624915546598e-06 3.041726875343170111e-06 3.072944985614484569e-06 3.105111178999908657e-06 3.138264711869122807e-06 3.172447015856370513e-06 3.207701852187094072e-06 3.244075479372052109e-06 3.281616835604359947e-06 3.320377737337822184e-06 3.360413095682690142e-06 3.401781152428980268e-06 3.444543737698908440e-06 3.488766551440437499e-06 3.534519471204635333e-06 3.581876888902129877e-06 3.630918079509854837e-06 3.681727604999919447e-06 3.734395757089555042e-06 3.789019042765827789e-06 3.845700716922868584e-06 3.904551366864032725e-06 3.965689553867939947e-06 4.029242517497227258e-06 4.095346948842742766e-06 4.164149839445652542e-06 4.235809413225516922e-06 4.310496149365657313e-06 4.388393904767866817e-06 4.469701145388217202e-06 4.554632296504290203e-06 4.643419222742392126e-06 4.736312849511697894e-06 4.833584938350787658e-06 4.935530029591673680e-06 5.042467566686835174e-06 5.154744217527005005e-06
3.092298148680762154e-06 3.117550803887160248e-06 3.143491371010063800e-06 3.170144667334641408e-06 3.197536690913107646e-06 3.225694692055722593e-06 3.254647250141987518e-06 3.284424356223736233e-06 3.315057501939798011e-06 3.346579775315062241e-06 3.379025964076028745e-06 3.412432667180380488e-06 3.446838415331071179e-06 3.482283801326162419e-06 3.518811621185214976e-06 3.556467027092355064e-06 3.595297693305985262e-06 3.635353996306694902e-06 3.676689210589270574e-06 3.719359721652845795e-06 3.763425257906622851e-06 3.808949143388277506e-06 3.855998573389551111e-06 3.904644915300079465e-06 3.954964037217293729e-06 4.007036667129169189e-06 4.060948785758549123e-06 4.116792056464597678e-06 4.174664295929789546e-06 4.234669989721205952e-06 4.296920857203985919e-06 4.361536470703959796e-06 4.428644934266764544e-06 4.498383627843495737e-06 4.570900023248606200e-06 4.646352578785945593e-06 4.724911720023534408e-06 4.806760914818080266e-06 4.892097851346547508e-06 4.981135728594897975e-06 5.074104669483659350e-06 5.171253267576462598e-06 5.272850279121496397e-06 5.379186473016823397e-06 5.490576652169240577e-06 5.607361860632579468e-06 5.729911791865710103e-06 5.858627414442999748e-06 5.993943832581038431e-06 6.136333399915499195e-06 6.286309106071667517e-06
3.589227123142701446e-06 3.620179344305650262e-06 3.651999801683719864e-06 3.684721034438566894e-06 3.718377197297890077e-06 3.753004162829961381e-06 3.788639631666493282e-06 3.825323251403388633e-06 3.863096744984220478e-06 3.902004049454474519e-06 3.942091466066853010e-06 3.983407822819917358e-06 4.026004650625091474e-06 4.069936374421611294e-06 4.115260520696257005e-06 4.162037943016093858e-06 4.210333067348850457e-06 4.260214159128335340e-06 4.311753614222859908e-06 4.365028276184002877e-06 4.420119782392787191e-06 4.477114941981743978e-06 4.536106148695672747e-06 4.597191832162623360e-06 4.660476951380878983e-06 4.726073534588958395e-06 4.794101270074858366e-06 4.864688152899201276e-06 4.937971192955663746e-06 5.014097190271757985e-06 5.093223583964842839e-06 5.175519381812637205e-06 5.261166177974985893e-06 5.350359267014962197e-06 5.443308863012396864e-06 5.540241433242351976e-06 5.641401156604543782e-06 5.747051517737574048e-06 5.857477048533993284e-06 5.972985229588548902e-06 6.093908564962496611e-06 6.220606844531741921e-06 6.353469609105436549e-06 6.492918834455315409e-06 6.639411851384142376e-06 6.793444519984877677e-06 6.955554677301050513e-06 7.126325878693619952e-06 7.306391454350945828e-06 7.496438903546969946e-06 7.697214650458004441e-06
4.168916351659918852e-06 4.206834130287581275e-06 4.245847811430955937e-06 4.286000076687090239e-06 4.327335818902502772e-06 4.369902288356097855e-06 4.413749250753116812e-06 4.458929158141157076e-06 4.505497333973284755e-06 4.553512173669154874e-06 4.603035362163506125e-06 4.654132110083764627e-06 4.706871410365931825e-06 4.761326317301363431e-06 4.817574250208119195e-06 4.875697324140099036e-06 4.935782710286805773e-06 4.997923028977330472e-06 5.062216778485388930e-06 5.128768803139327118e-06 5.197690804572802969e-06 5.269101900310001131e-06 5.343129234264377289e-06 5.419908644143312041e-06 5.499585391193495238e-06 5.582314958194135877e-06 5.668263922108005808e-06 5.757610908334001095e-06 5.850547634070401919e-06 5.947280048894865159e-06 6.048029581296017682e-06 6.153034500552272681e-06 6.262551404045685022e-06 6.376856840822886598e-06 6.496249082970238666e-06 6.621050057156922602e-06 6.751607449516886711e-06 6.888296997888689801e-06 7.031524986310746890e-06 7.181730957578800223e-06 7.339390660612366688e-06 7.505019250348035130e-06 7.679174758880039507e-06 7.862461857603260805e-06 8.055535931181537158e-06 8.259107485264885189e-06 8.473946911014568019e-06 8.700889630664201588e-06 8.940841649548765337e-06 9.194785541270317436e-06 9.463786893937760044e-06
4.846109681709897396e-06 4.892552220010486551e-06 4.940378644249945224e-06 4.989644982986903879e-06 5.040410292547916512e-06 5.092736865568929760e-06 5.146690456939979881e-06 5.202340528809857299e-06 5.259760516473898360e-06 5.319028117150289535e-06 5.380225603849510076e-06 5.443440166758964031e-06 5.508764284801730368e-06 5.576296130285878300e-06 5.646140009840075213e-06 5.718406845133528300e-06 5.793214697204736463e-06 5.870689338575057910e-06 5.950964877700895870e-06 6.034184440723031623e-06 6.120500915904276417e-06 6.210077766607671682e-06 6.303089919157629668e-06 6.399724732445895337e-06 6.500183056693462893e-06 6.604680389358447787e-06 6.713448136788640277e-06 6.826734990855760226e-06 6.944808430475800711e-06 7.067956358616567358e-06 7.196488886118196001e-06 7.330740274405724703e-06 7.471071049953347272e-06 7.617870304167882147e-06 7.771558193194005821e-06 7.932588653005408623e-06 8.101452346034714792e-06 8.278679856510480308e-06 8.464845152612862359e-06 8.660569334530487067e-06 8.866524688501326959e-06 9.083439067949914924e-06 9.312100623893920028e-06 9.553362907885029257e-06 9.808150371873176651e-06 1.007746429053926641e-05 1.036238913282968831e-05 1.066409941064293557e-05 1.098386703386332493e-05 1.132306920220274490e-05 1.168319686559177212e-05
5.638491726556798109e-06 5.695385965435391394e-06 5.754029201612507135e-06 5.814495062600487981e-06 5.876861322438918598e-06 5.941210198162284642e-06 6.007628671606689267e-06 6.076208838963431823e-06 6.147048290719397173e-06 6.220250524876281066e-06 6.295925396613631693e-06 6.374189607856068236e-06 6.455167240523247197e-06 6.538990337583807700e-06 6.625799536402078238e-06 6.715744759259777567e-06 6.808985966354952192e-06 6.905693977027345055e-06 7.006051365434244365e-06 7.110253437402919914e-06 7.218509295716350957e-06 7.331043001646941120e-06 7.448094841138963507e-06 7.569922704653554872e-06 7.696803590330631098e-06 7.829035240788420659e-06 7.966937924574081492e-06 8.110856373996288367e-06 8.261161891813117460e-06 8.418254640014455605e-06 8.582566124728061385e-06 8.754561892091002935e-06 8.934744450763993512e-06 9.123656437624989870e-06 9.321884044060349181e-06 9.530060721178111290e-06 9.748871183198498070e-06 9.979055729233445366e-06 1.022141490465030695e-05 1.047681452422673035e-05 1.074619108034469959e-05 1.103055756054343611e-05 1.133100969985281241e-05 1.164873269446179662e-05 1.198500840443833194e-05 1.234122307440466253e-05 1.271887560228175504e-05 1.311958638744027205e-05 1.354510679082337996e-05 1.399732924082642716e-05 1.447829801991171795e-05
6.567357065076459553e-06 6.637093290873314221e-06 6.709042614511739456e-06 6.783301912016435907e-06 6.859973736037792053e-06 6.939166735016965772e-06 7.020996108680541905e-06 7.105584103261611875e-06 7.193060550152680277e-06 7.283563452027273623e-06 7.377239620822609183e-06 7.474245372355804868e-06 7.574747282751331641e-06 7.678923012288550577e-06 7.786962202735117920e-06 7.899067454715502488e-06 8.015455392173120541e-06 8.136357821520556727e-06 8.262022993633454145e-06 8.392716977430685112e-06 8.528725154394846687e-06 8.670353844022841825e-06 8.817932070855351201e-06 8.971813484415320171e-06 9.132378444088900510e-06 9.300036281706218488e-06 9.475227755323479685e-06 9.658427708471924262e-06 9.850147949921869275e-06 1.005094036981247738e-05 1.026140030881916935e-05 1.048217019787158121e-05 1.071394348679656547e-05 1.095746888114376584e-05 1.121355490735708166e-05 1.148307482738579520e-05 1.176697192478544387e-05 1.206626518534257169e-05 1.238205539627083199e-05 1.271553168906890415e-05 1.306797855220413175e-05 1.344078334088850817e-05 1.383544431234277087e-05 1.425357921609661193e-05 1.469693447004052348e-05 1.516739495411861166e-05 1.566699445471897987e-05 1.619792679396115672e-05 1.676255767917810195e-05 1.736343730891676650e-05 1.800331377270422028e-05
7.658450662023568258e-06 7.744005632596156176e-06 7.832365299753613872e-06 7.923657295027037963e-06 8.018017011737257600e-06 8.115588193078027520e-06 8.216523571328242288e-06 8.320985562830926160e-06 8.429147023765957823e-06 8.541192072157107352e-06 8.657316981992136231e-06 8.777731155797745244e-06 8.902658182498673326e-06 9.032336987902298806e-06 9.167023085686195214e-06 9.306989937325530244e-06 9.452530429979850123e-06 9.603958481962609245e-06 9.761610786042750399e-06 9.925848701472565039e-06 1.009706030630082128e-05 1.027566262221252382e-05 1.046210402483634969e-05 1.065686685317665838e-05 1.086047023255873686e-05 1.107347312622285699e-05 1.129647763146495929e-05 1.153013253699950927e-05 1.177513715901399970e-05 1.203224547419529125e-05 1.230227056883770193e-05 1.258608942399191448e-05 1.288464805748577806e-05 1.319896704454359912e-05 1.353014743965297949e-05 1.387937712327859990e-05 1.424793759800257986e-05 1.463721125968196792e-05 1.504868917025500171e-05 1.548397935989717950e-05 1.594481568732308382e-05 1.643306728814233984e-05 1.695074864230165662e-05 1.750003029276447046e-05 1.808325024868080282e-05 1.870292610736112916e-05 1.936176793036182726e-05 2.006269190988821524e-05 2.080883486248277678e-05 2.160356958755163363e-05 2.245052112863961407e-05
8.943027495467791808e-06 9.048123510404805278e-06 9.156780556960412886e-06 9.269166981767240423e-06 9.385461718932363483e-06 9.505855106882030975e-06 9.630549775653935891e-06 9.759761610751217006e-06 9.893720800137206518e-06 1.003267297143814980e-05 1.017688042693151333e-05 1.032662348442945714e-05 1.048220193272058957e-05 1.064393661080607328e-05 1.081217112075859578e-05 1.098727368464279771e-05 1.116963915656259750e-05 1.135969120154313574e-05 1.155788465361183989e-05 1.176470806611317930e-05 1.198068646797394522e-05 1.220638434033044712e-05 1.244240882863468510e-05 1.268941320607379843e-05 1.294810060486607407e-05 1.321922803273858439e-05 1.350361069264694853e-05 1.380212662456891770e-05 1.411572168899184267e-05 1.444541491252311791e-05 1.479230421688352298e-05 1.515757255340022329e-05 1.554249446600029465e-05 1.594844310662020339e-05 1.637689772789256666e-05 1.682945167894922474e-05 1.730782093118916906e-05 1.781385316189625028e-05 1.834953742465267578e-05 1.891701443656836732e-05 1.951858751342522378e-05 2.015673418490074583e-05 2.083411852306924208e-05 2.155360421835441853e-05 2.231826843799521968e-05 2.313141650284933611e-05 2.399659741895455921e-05 2.491762030064786462e-05 2.589857172214980139e-05 2.694383403429733044e-05 2.805810468248460255e-05
1.045919346512532961e-05 1.058850433410282491e-05 1.072234595331825904e-05 1.086094055329028041e-05 1.100452475183316950e-05 1.115335067490024040e-05 1.130768717225999572e-05 1.146782113577635550e-05 1.163405892858867372e-05 1.180672793403037532e-05 1.198617823368497589e-05 1.217278442455452196e-05 1.236694758590597146e-05 1.256909740696530562e-05 1.277969448724488382e-05 1.299923282191617406e-05 1.322824248527614936e-05 1.346729252600043198e-05 1.371699408852881693e-05 1.397800377558942871e-05 1.425102726753566653e-05 1.453682321484646038e-05 1.483620742082597630e-05 1.515005733223532759e-05 1.547931685629762061e-05 1.582500152324215297e-05 1.618820401429573035e-05 1.657010007579260211e-05 1.697195484086234981e-05 1.739512958097076567e-05 1.784108891043520803e-05 1.831140846791472955e-05 1.880778309978932750e-05 1.933203557129025798e-05 1.988612583222342417e-05 2.047216086513704069e-05 2.109240514481365041e-05 2.174929173900804773e-05 2.244543408138873617e-05 2.318363844865546286e-05 2.396691717477259978e-05 2.479850263614999902e-05 2.568186204238286384e-05 2.662071306778925260e-05 2.761904035940933433e-05 2.868111295730135487e-05 2.981150266282296923e-05 3.101510339005876922e-05 3.229715153457193811e-05 3.366324739214430627e-05 3.511937765804538702e-05
1.225360772217428014e-05 1.241302575844974828e-05 1.257822110568211216e-05 1.274948719816123019e-05 1.292713691783162399e-05 1.311150411072193173e-05 1.330294522790771183e-05 1.350184110052076820e-05 1.370859885887445840e-05 1.392365400634234659e-05 1.414747265920499351e-05 1.438055396426545196e-05 1.462343270662710454e-05 1.487668212062605534e-05 1.514091691751356414e-05 1.541679654409211197e-05 1.570502868711986190e-05 1.600637303891414633e-05 1.632164534020513134e-05 1.665172171691703742e-05 1.699754332818861978e-05 1.736012134358862273e-05 1.774054226813938460e-05 1.813997363443483181e-05 1.855967008183264836e-05 1.900097984341757930e-05 1.946535166217795167e-05 1.995434215861387309e-05 2.046962367280691743e-05 2.101299260482969851e-05 2.158637827825944777e-05 2.219185235248430298e-05 2.283163881044816856e-05 2.350812454946736089e-05 2.422387060375792725e-05 2.498162402832523286e-05 2.578433047486904055e-05 2.663514749132458531e-05 2.753745857756702351e-05 2.849488803061600694e-05 2.951131661335279670e-05 3.059089808125295005e-05 3.173807660189381413e-05 3.295760510195680498e-05 3.425456457604259480e-05 3.563438439078440507e-05 3.710286361640185304e-05 3.866619341590685167e-05 4.033098051957123217e-05 4.210427180890612071e-05 4.399358003020916954e-05
1.438364951387744837e-05 1.458063158289871657e-05 1.478499688064401314e-05 1.499713266099938733e-05 1.521745228698763737e-05 1.544639725041033920e-05 1.568443935085448931e-05 1.593208304527160674e-05 1.618986797988993494e-05 1.645837171677656504e-05 1.673821266792437933e-05 1.703005325029802541e-05 1.733460327583303672e-05 1.765262359094228053e-05 1.798492998064430776e-05 1.833239735299068692e-05 1.869596422003399274e-05 1.907663749214784417e-05 1.947549760308792458e-05 1.989370398377089607e-05 2.033250090335074378e-05 2.079322369679402458e-05 2.127730539880008008e-05 2.178628380458604453e-05 2.232180897876143990e-05 2.288565123426047960e-05 2.347970960408227777e-05 2.410602082941406291e-05 2.476676888857985630e-05 2.546429509216585399e-05 2.620110877061828408e-05 2.697989858158411779e-05 2.780354446525628814e-05 2.867513027697879595e-05 2.959795712734053372e-05 3.057555746091556153e-05 3.161170990565811571e-05 3.271045492569440896e-05 3.387611131082561371e-05 3.511329353641566109e-05 3.642693002742423383e-05 3.782228236009588744e-05 3.930496543416027086e-05 4.088096864725847452e-05 4.255667810160999626e-05 4.433889987058583734e-05 4.623488434977679018e-05 4.825235171325217560e-05 5.039951849091339455e-05 5.268512527707808023e-05 5.511846557361170306e-05
1.692018143394198799e-05 1.716419677113781582e-05 1.741766737507989812e-05 1.768110358465048941e-05 1.795505050180795271e-05 1.824009063609440562e-05 1.853684674774797793e-05 1.884598490212365679e-05 1.916821774863902212e-05 1.950430803797123085e-05 1.985507239173769049e-05 2.022138533939643717e-05 2.060418363760399533e-05 2.100447088777028518e-05 2.142332246805334287e-05 2.186189079654638954e-05 2.232141094292660783e-05 2.280320660636669082e-05 2.330869647805867848e-05 2.383940100727179162e-05 2.439694959046647866e-05 2.498308820362160637e-05 2.559968749860467994e-05 2.624875138513240087e-05 2.693242612063164829e-05 2.765300993112272142e-05 2.841296318710673810e-05 2.921491915934301039e-05 3.006169538034703646e-05 3.095630563841243293e-05 3.190197263194854477e-05 3.290214131291029824e-05 3.396049294905277956e-05 3.508095993564106342e-05 3.626774138804720330e-05 3.752531954733027801e-05 3.885847703136979521e-05 4.027231496435046865e-05 4.177227201731820855e-05 4.336414439206630371e-05 4.505410677969999019e-05 4.684873432378197335e-05 4.875502561589897235e-05 5.078042674872726935e-05 5.293285644812238330e-05 5.522073230133443643e-05 5.765299809307239322e-05 6.023915225472834651e-05 6.298927742456548724e-05 6.591407110800215601e-05 6.902487741725093790e-05
1.995107652114052121e-05 2.025418448041921822e-05 2.056942307609871005e-05 2.089746319686223056e-05 2.123902157305065900e-05 2.159486417767548133e-05 2.196580986838543519e-05 2.235273428424337601e-05 2.275657401161524810e-05 2.317833103391253897e-05 2.361907748036686118e-05 2.407996068945183603e-05 2.456220860300671109e-05 2.506713550756363461e-05 2.559614813983810083e-05 2.615075217381859342e-05 2.673255910738979828e-05 2.734329356695216939e-05 2.798480104906332251e-05 2.865905611873223799e-05 2.936817108464758551e-05 3.011440517232507320e-05 3.090017421691393823e-05 3.172806089821590507e-05 3.260082554133462616e-05 3.352141750728921164e-05 3.449298719888202247e-05 3.551889870809684096e-05 3.660274313230111047e-05 3.774835258751464386e-05 3.895981494795441999e-05 4.024148934194300708e-05 4.159802243502687619e-05 4.303436553175070287e-05 4.455579252791346326e-05 4.616791874523227027e-05 4.787672068009413400e-05 4.968855669740474337e-05 5.161018869937586992e-05 5.364880479733518439e-05 5.581204301222147035e-05 5.810801602624277181e-05 6.054533700415070443e-05 6.313314649762779705e-05 6.588114044032099530e-05 6.879959923401023449e-05 7.189941791820774137e-05 7.519213740609712840e-05 7.868997675909578386e-05 8.240586646044219417e-05 8.635348263506801062e-05
2.358571964031987804e-05 2.396331161274345940e-05 2.435648777711327847e-05 2.476612694343086781e-05 2.519316772187113839e-05 2.563861281574595741e-05 2.610353359905752163e-05 2.658907499320637313e-05 2.709646065778782069e-05 2.762699851078039923e-05 2.818208659380547570e-05 2.876321929852254021e-05 2.937199397062883398e-05 3.001011790835677979e-05 3.067941577281893322e-05 3.138183742804407430e-05 3.211946622908299135e-05 3.289452777715113881e-05 3.370939916141720878e-05 3.456661870774953071e-05 3.546889625549812805e-05 3.641912398421711039e-05 3.742038781312153885e-05 3.847597939701356975e-05 3.958940874339830285e-05 4.076441747652315720e-05 4.200499277509599753e-05 4.331538201144045333e-05 4.470010812079907968e-05 4.616398573035811556e-05 4.771213807829345496e-05 4.935001475367529171e-05 5.108341028835710018e-05 5.291848363194746858e-05 5.486177854054624236e-05 5.692024490904444410e-05 5.910126107535224353e-05 6.141265712285133246e-05 6.386273920457132588e-05 6.646031490898377447e-05 6.921471968279859020e-05 7.213584432065694139e-05 7.523416352506311089e-05 7.852076553221699071e-05 8.200738279054054663e-05 8.570642366859297450e-05 8.963100515770502908e-05 9.379498652203291809e-05 9.821300383483318381e-05 1.029005053246326095e-04 1.078737874386637147e-04
2.796074421175226201e-05 2.843249035597777158e-05 2.892427299076360682e-05 2.943723791792681433e-05 2.997260802995522212e-05 3.053168862606407241e-05 3.111587305560165246e-05 3.172664870361128906e-05 3.236560333367091181e-05 3.303443180346284113e-05 3.373494316888002513e-05 3.446906819286025837e-05 3.523886727556449223e-05 3.604653882298499595e-05 3.689442807159415909e-05 3.778503638722918582e-05 3.872103105705978723e-05 3.970525559420532634e-05 4.074074057536186493e-05 4.183071503266142123e-05 4.297861842191480686e-05 4.418811319037544593e-05 4.546309796819307563e-05 4.680772140878190849e-05 4.822639670438809813e-05 4.972381680417163369e-05 5.130497036308377180e-05 5.297515845067867797e-05 5.474001204969376337e-05 5.660551037471392438e-05 5.857800004142876826e-05 6.066421511683437357e-05 6.287129808013978288e-05 6.520682172303160430e-05 6.767881201624563730e-05 7.029577196699388617e-05 7.306670648862185796e-05 7.600114829982258314e-05 7.910918486573222379e-05 8.240148638719438162e-05 8.588933483733144942e-05 8.958465403623696785e-05 9.350004074505677916e-05 9.764879674991276107e-05 1.020449618940328637e-04 1.067033480030757223e-04 1.116395736340037616e-04 1.168700995620130910e-04 1.224122649030327434e-04 1.282843237512682735e-04 1.345054821922983383e-04
3.324732297667145790e-05 3.383837058321310671e-05 3.445518061428222569e-05 3.509923839761476338e-05 3.577212738826465282e-05 3.647553562520307780e-05 3.721126255495549903e-05 3.798122623695342084e-05 3.878747094559384210e-05 3.963217518435760330e-05 4.051766012774352289e-05 4.144639850724081984e-05 4.242102395809132197e-05 4.344434084419570148e-05 4.451933457919671000e-05 4.564918246253264826e-05 4.683726505009368153e-05 4.808717808003295407e-05 4.940274497527339076e-05 5.078802994530141527e-05 5.224735171093308566e-05 5.378529787685344687e-05 5.540673997784230457e-05 5.711684922566715724e-05 5.892111298461440166e-05 6.082535200448489456e-05 6.283573844055015314e-05 6.495881469038489371e-05 6.720151307759039227e-05 6.957117641212399225e-05 7.207557945617469705e-05 7.472295132318122171e-05 7.752199883559448082e-05 8.048193086424255754e-05 8.361248366857867000e-05 8.692394725258703234e-05 9.042719274560687614e-05 9.413370081072896232e-05 9.805559107565643283e-05 1.022056525719419333e-04 1.065973751582701274e-04 1.112449818919294655e-04 1.161634622997865520e-04 1.213686064859665443e-04 1.268770399980844463e-04 1.327062593573142841e-04 1.388746681399315229e-04 1.454016134793103198e-04 1.523074228378560279e-04 1.596134408781588686e-04 1.673420662419671369e-04
3.966039413563243228e-05 4.040286955575218863e-05 4.117844489654002302e-05 4.198903259088319245e-05 4.283666831706355662e-05 4.372351869012413070e-05 4.465188935510075013e-05 4.562423349651813654e-05 4.664316077895728688e-05 4.771144673398127357e-05 4.883204260926229907e-05 5.000808569639512947e-05 5.124291015461291266e-05 5.254005834844244639e-05 5.390329271824750417e-05 5.533660820360566322e-05 5.684424524053451771e-05 5.843070335471851049e-05 6.010075537406069573e-05 6.185946228507693671e-05 6.371218875882140144e-05 6.566461937315394787e-05 6.772277555917252006e-05 6.989303330049311707e-05 7.218214161470144579e-05 7.459724184665148775e-05 7.714588780327904757e-05 7.983606675914877262e-05 8.267622136096865085e-05 8.567527245771381565e-05 8.884264288068613241e-05 9.218828219472794522e-05 9.572269243779821040e-05 9.945695486112872831e-05 1.034027576761211543e-04 1.075724248069460145e-04 1.119789456394033346e-04 1.166360057469410355e-04 1.215580185637807386e-04 1.267601579628299495e-04 1.322583916825004321e-04 1.380695155316893007e-04 1.442111882861018982e-04 1.507019671718457779e-04 1.575613438139211178e-04 1.648097805080005706e-04 1.724687466538818458e-04 1.805607551683955281e-04 1.891093986745646829e-04 1.981393852426762553e-04 2.076765734378866477e-04
4.747026806841686807e-05 4.840513697408664276e-05 4.938246383111775625e-05 5.040469200530668192e-05 5.147441752027184390e-05 5.259439804653125383e-05 5.376756232152473438e-05 5.499702001490404293e-05 5.628607205402374759e-05 5.763822142527239050e-05 5.905718446769100759e-05 6.054690267623591605e-05 6.211155503304991810e-05 6.375557088620093101e-05 6.548364339652814920e-05 6.730074357446543779e-05 6.921213492999043993e-05 7.122338876012220368e-05 7.334040009964105282e-05 7.556940436187519535e-05 7.791699469744388265e-05 8.039014009970366960e-05 8.299620428624777881e-05 8.574296538608497614e-05 8.863863646199164473e-05 9.169188689690537691e-05 9.491186467202121209e-05 9.830821956236783391e-05 1.018911272729860183e-04 1.056713145353169934e-04 1.096600851789323114e-04 1.138693471882257230e-04 1.183116407470487751e-04 1.230001672664466869e-04 1.279488193815705576e-04 1.331722118934748850e-04 1.386857136198137044e-04 1.445054801054371902e-04 1.506484871295564443e-04 1.571325649305442790e-04 1.639764330526268291e-04 1.711997357007863146e-04 1.788230774712618195e-04 1.868680593052388344e-04 1.953573144928362937e-04 2.043145445335362454e-04 2.137645546379610150e-04 2.237332886346592717e-04 2.342478630245557996e-04 2.453365999052635645e-04 2.570290584678171578e-04
5.701711877966610884e-05 5.819645852417718062e-05 5.943012110299824706e-05 6.072120149388231274e-05 6.207298108991817995e-05 6.348893801336050668e-05 6.497275788423830510e-05 6.652834505861819115e-05 6.815983435231214363e-05 6.987160326684252259e-05 7.166828473560668035e-05 7.355478040940319152e-05 7.553627450178590193e-05 7.761824821606463324e-05 7.980649477715964692e-05 8.210713509289167171e-05 8.452663407061859822e-05 8.707181761635510663e-05 8.974989034458393173e-05 9.256845402781196832e-05 9.553552681547825757e-05 9.865956325199839224e-05 1.019494751234493958e-04 1.054146531615711522e-04 1.090649896322899324e-04 1.129109018337626848e-04 1.169633565259025487e-04 1.212338953093784429e-04 1.257346609671010243e-04 1.304784247751220928e-04 1.354786147826148100e-04 1.407493450520999471e-04 1.463054458412930590e-04 1.521624946968197067e-04 1.583368484175949099e-04 1.648456758318501438e-04 1.717069913166914801e-04 1.789396889727003454e-04 1.865635773485476009e-04 1.945994145919689353e-04 2.030689438839076804e-04 2.119949289922843749e-04 2.214011897609476272e-04 2.313126373280599123e-04 2.417553088467481082e-04 2.527564014595484157e-04 2.643443052572818698e-04 2.765486349328084197e-04 2.894002598209291358e-04 3.029313319978590448e-04 3.171753120974952524e-04
6.872890932410269317e-05 7.021864048838824860e-05 7.177763320625106470e-05 7.340977137285433233e-05 7.511916326169667982e-05 7.691015315516175083e-05 7.878733345065993643e-05 8.075555725884138870e-05 8.281995151162890910e-05 8.498593059919227002e-05 8.725921055642862857e-05 8.964582382100459148e-05 9.215213458652426570e-05 9.478485477586799895e-05 9.755106066115330754e-05 1.004582101580470582e-04 1.035141608232420784e-04 1.067271885847288841e-04 1.101060072349761197e-04 1.136597887171787166e-04 1.173981842342758147e-04 1.213313462093653966e-04 1.254699511243679731e-04 1.298252232612146352e-04 1.344089593663554323e-04 1.392335542549210932e-04 1.443120273653191409e-04 1.496580502683392917e-04 1.552859751269043144e-04 1.612108640933723855e-04 1.674485196207413460e-04 1.740155156521891000e-04 1.809292296401112093e-04 1.882078753312008015e-04 1.958705362382030725e-04 2.039371997018279460e-04 2.124287914280224485e-04 2.213672103665169410e-04 2.307753637763878770e-04 2.406772023035538323e-04 2.510977548737945340e-04 2.620631631833171614e-04 2.736007155473346914e-04 2.857388798458463069e-04 2.985073352850964464e-04 3.119370026733733281e-04 3.260600728911747909e-04 3.409100332186601229e-04 3.565216911680367550e-04 3.729311954554185714e-04 3.901760537360504937e-04
8.314332008780282073e-05 8.502642993402904730e-05 8.699746044843471827e-05 8.906123712584803015e-05 9.122285167059956523e-05 9.348767490857198977e-05 9.586137019663541357e-05 9.834990734886944969e-05 1.009595771005765755e-04 1.036970061327279179e-04 1.065691726811192434e-04 1.095834227560950889e-04 1.127474870001843842e-04 1.160694982122964942e-04 1.195580095682125920e-04 1.232220135678666452e-04 1.270709617402862200e-04 1.311147851369453318e-04 1.353639156435954211e-04 1.398293081392724859e-04 1.445224635290445032e-04 1.494554526740515343e-04 1.546409412384210493e-04 1.600922154676035012e-04 1.658232089064964323e-04 1.718485300583305056e-04 1.781834909766066182e-04 1.848441367723636247e-04 1.918472760076732678e-04 1.992105119335025459e-04 2.069522745159573223e-04 2.150918531794520185e-04 2.236494301786091238e-04 2.326461144927469702e-04 2.421039761177966407e-04 2.520460806105169786e-04 2.624965237191414884e-04 2.734804659132711161e-04 2.850241666041552092e-04 2.971550178247162684e-04 3.099015771170599920e-04 3.232935993540252823e-04 3.373620672009159066e-04 3.521392199041914386e-04 3.676585800759222286e-04 3.839549781265745175e-04 4.010645739844509190e-04 4.190248757282671291e-04 4.378747547501297879e-04 4.576544570599022340e-04 4.784056103388972044e-04
1.009342290167095335e-04 1.033144956772188278e-04 1.058057816925230693e-04 1.084140198185785774e-04 1.111454542070424681e-04 1.140066545520234553e-04 1.170045307623452003e-04 1.201463481829558131e-04 1.234397433908763445e-04 1.268927405927598110e-04 1.305137686526674102e-04 1.343116787799921428e-04 1.382957629085081262e-04 1.424757727981882695e-04 1.468619398916626837e-04 1.514649959568520094e-04 1.562961945463402962e-04 1.613673333023306832e-04 1.666907771334606291e-04 1.722794822862492214e-04 1.781470213294001877e-04 1.843076090635117111e-04 1.907761293618646221e-04 1.975681629397976573e-04 2.047000160406957240e-04 2.121887500157377843e-04 2.200522117623097138e-04 2.283090649723120075e-04 2.369788221265869076e-04 2.460818771553221628e-04 2.556395386667000545e-04 2.656740636273087486e-04 2.762086913580679716e-04 2.872676776888051509e-04 2.988763290933120118e-04 3.110610366049736727e-04 3.238493092910768763e-04 3.372698070419866915e-04 3.513523724097710236e-04 3.661280612098794115e-04 3.816291715794445285e-04 3.978892711670014627e-04 4.149432221112368206e-04 4.328272034511083314e-04 4.515787305966558786e-04 4.712366714793418416e-04 4.918412589931296999e-04 5.134340993330002711e-04 5.360581758364616660e-04 5.597578479360497449e-04 5.845788448370195555e-04
1.229432187979789804e-04 1.259494102863813767e-04 1.290949371027139841e-04 1.323870143573578368e-04 1.358332164655017720e-04 1.394414924925948510e-04 1.432201820655288596e-04 1.471780318782565781e-04 1.513242128221117301e-04 1.556683377724046651e-04 1.602204800638250715e-04 1.649911926877211592e-04 1.699915282443253224e-04 1.752330596823988690e-04 1.807279018574307959e-04 1.864887339373770807e-04 1.925288226818621653e-04 1.988620466166684056e-04 2.055029211201409218e-04 2.124666244317449941e-04 2.197690245853386234e-04 2.274267072607290144e-04 2.354570045367026978e-04 2.438780245169350571e-04 2.527086817869784703e-04 2.619687286459296272e-04 2.716787870404065576e-04 2.818603811111986316e-04 2.925359702444835686e-04 3.037289824999419349e-04 3.154638482676096764e-04 3.277660339840493043e-04 3.406620757166138993e-04 3.541796124024436821e-04 3.683474185066355853e-04 3.831954358420389659e-04 3.987548042716390043e-04 4.150578909938324595e-04 4.321383180913726204e-04 4.500309880066929243e-04 4.687721065900814915e-04 4.883992033530280309e-04 5.089511485473984485e-04 5.304681666821472281e-04 5.529918460833894035e-04 5.765651441010540262e-04 6.012323875662663446e-04 6.270392681082731295e-04 6.540328319482621548e-04 6.822614637999804962e-04 7.117748645236765840e-04
1.502164439529057145e-04 1.540069201844925569e-04 1.579710792650409514e-04 1.621175986489793806e-04 1.664555650682475962e-04 1.709944910773885209e-04 1.757443322213031781e-04 1.807155048592198800e-04 1.859189046792569951e-04 1.913659259382860414e-04 1.970684814615265758e-04 2.030390234353458866e-04 2.092905650249618195e-04 2.158367028460915602e-04 2.226916403159143177e-04 2.298702119039600024e-04 2.373879082975883018e-04 2.452609024895116368e-04 2.535060767862812943e-04 2.621410507267270414e-04 2.711842098880031340e-04 2.806547355441190209e-04 2.905726351276189637e-04 3.009587734294863503e-04 3.118349044553860028e-04 3.232237038381625895e-04 3.351488016871487512e-04 3.476348157344798955e-04 3.607073846173969463e-04 3.743932011136757803e-04 3.887200451250485598e-04 4.037168161810410281e-04 4.194135652133021506e-04 4.358415253285652792e-04 4.530331412871187072e-04 4.710220973734445711e-04 4.898433433268120814e-04 5.095331179824143675e-04 5.301289702584838443e-04 5.516697771119735867e-04 5.741957580752402772e-04 5.977484859789323861e-04 6.223708934623070881e-04 6.481072748716639300e-04 6.750032831507687568e-04 7.031059213341452454e-04 7.324635282651462912e-04 7.631257581758366972e-04 7.951435537849312150e-04 8.285691125934400254e-04 8.634558460850845409e-04
1.840469714475379372e-04 1.888145615739486236e-04 1.937970344931859781e-04 1.990047097147866896e-04 2.044483674942786653e-04 2.101392666403983749e-04 2.160891630200775912e-04 2.223103287976914975e-04 2.288155724444190667e-04 2.356182595521621992e-04 2.427323344841679899e-04 2.501723428912193273e-04 2.579534551178998031e-04 2.660914905179026469e-04 2.746029426905667050e-04 2.835050056427001509e-04 2.928156008702507800e-04 3.025534053434516765e-04 3.127378803666855281e-04 3.233893012704816962e-04 3.345287878777900340e-04 3.461783356700332643e-04 3.583608475604856667e-04 3.711001661633565331e-04 3.844211064267293791e-04 3.983494884763471439e-04 4.129121704953596719e-04 4.281370814427571986e-04 4.440532533905473399e-04 4.606908532370826946e-04 4.780812135315630831e-04 4.962568621229399186e-04 5.152515503255917281e-04 5.351002792744862912e-04 5.558393241244955017e-04 5.775062557323722189e-04 6.001399594459920234e-04 6.237806506141253945e-04 6.484698864215238980e-04 6.742505736487884550e-04 7.011669719545801085e-04 7.292646922794605120e-04 7.585906899762260690e-04 7.891932522811368356e-04 8.211219797540873907e-04 8.544277613335861778e-04 8.891627426743360738e-04 9.253802874613711741e-04 9.631349314248038602e-04 1.002482328813331883e-03 1.043479191122412969e-03
2.260224104082212814e-04 2.319993749343068944e-04 2.382400652077269634e-04 2.447566169390578907e-04 2.515616792006315815e-04 2.586684336357000314e-04 2.660906144547300119e-04 2.738425292540839161e-04 2.819390806894036031e-04 2.903957890320167938e-04 2.992288156315232742e-04 3.084549873012981691e-04 3.180918216359224400e-04 3.281575532604141354e-04 3.386711610005891326e-04 3.496523959518372279e-04 3.611218104101274065e-04 3.731007876140803622e-04 3.856115722305955952e-04 3.986773014987851985e-04 4.123220369279927957e-04 4.265707964255565027e-04 4.414495867088791335e-04 4.569854358344613244e-04 4.732064256540633698e-04 4.901417239852899404e-04 5.078216162609568585e-04 5.262775363988081998e-04 5.455420966108756467e-04 5.656491158502900728e-04 5.866336465730069734e-04 6.085319994730211020e-04 6.313817658325941501e-04 6.552218371140741248e-04 6.800924214074540505e-04 7.060350563381389459e-04 7.330926180328165139e-04 7.613093257380918258e-04 7.907307416869259736e-04 8.214037658120473036e-04 8.533766249137007386e-04 8.866988559012506984e-04 9.214212827446415692e-04 9.575959867922567356e-04 9.952762701365793548e-04 1.034516611737939466e-03 1.075372616049568783e-03 1.117900953923938118e-03 1.162159295620685115e-03 1.208206235780141585e-03 1.256101210273158179e-03
2.780772801061418410e-04 2.855401024573323118e-04 2.933238550704893592e-04 3.014426536956866295e-04 3.099111811886443371e-04 3.187447083375986824e-04 3.279591155696012610e-04 3.375709155634612903e-04 3.475972767904651674e-04 3.580560479966086833e-04 3.689657836312909491e-04 3.803457702171823829e-04 3.922160536442937328e-04 4.045974673580617314e-04 4.175116613966124669e-04 4.309811322162323058e-04 4.450292532265733882e-04 4.596803059382928371e-04 4.749595116058446609e-04 4.908930632270632919e-04 5.075081577392813199e-04 5.248330282291124556e-04 5.428969759500026308e-04 5.617304019184214811e-04 5.813648378364367434e-04 6.018329760656595650e-04 6.231686983555139413e-04 6.454071030077595172e-04 6.685845301395763971e-04 6.927385846895630760e-04 7.179081567951441003e-04 7.441334391563766406e-04 7.714559409903559402e-04 7.999184981726519417e-04 8.295652791577142957e-04 8.604417862692519473e-04 8.925948519544203404e-04 9.260726296024197933e-04 9.609245785389998462e-04 9.972014428233969517e-04 1.034955223493561494e-03 1.074239143929044517e-03 1.115107608028655800e-03 1.157616150931800245e-03 1.201821382048129513e-03 1.247780920199622213e-03 1.295553320722079172e-03 1.345197994419147303e-03 1.396775118310824735e-03 1.450345538169770920e-03 1.505970662892027433e-03
3.425491551517171468e-04 3.518228472837384570e-04 3.614836388719454264e-04 3.715477757260730158e-04 3.820321260025944031e-04 3.929542029145608514e-04 4.043321883960940581e-04 4.161849577312653320e-04 4.285321051471798859e-04 4.413939703596516198e-04 4.547916660469356119e-04 4.687471062125586488e-04 4.832830353824002305e-04 4.984230585638364059e-04 5.141916718761157211e-04 5.306142937412120170e-04 5.477172965034080628e-04 5.655280383239087542e-04 5.840748951741176311e-04 6.033872927279891347e-04 6.234957379304103056e-04 6.444318499950818036e-04 6.662283905622132588e-04 6.889192927237551426e-04 7.125396886022899784e-04 7.371259351493377821e-04 7.627156378100840087e-04 7.893476716847953791e-04 8.170621998026665091e-04 8.459006881120394779e-04 8.759059167819897981e-04 9.071219874046251765e-04 9.395943256852487113e-04 9.733696792091002829e-04 1.008496109878863605e-03 1.045022980626706842e-03 1.083000936018382572e-03 1.122481876384938621e-03 1.163518925139934599e-03 1.206166388966576665e-03 1.250479710589935288e-03 1.296515413884142490e-03 1.344331041103014697e-03 1.393985082064716063e-03 1.445536895166520640e-03 1.499046620154146324e-03 1.554575082621105584e-03 1.612183690266723226e-03 1.671934320996340973e-03 1.733889203003372102e-03 1.798110787029808628e-03
4.222372125584953847e-04 4.336987715068201747e-04 4.456230104649522273e-04 4.580284398083749129e-04 4.709342497291484943e-04 4.843603350866459620e-04 4.983273212423471911e-04 5.128565908593951672e-04 5.279703116334065818e-04 5.436914649053487111e-04 5.600438750901057163e-04 5.770522398358568939e-04 5.947421608095464435e-04 6.131401749827824696e-04 6.322737862705235523e-04 6.521714973521605414e-04 6.728628414812459942e-04 6.943784140664142381e-04 7.167499037822706257e-04 7.400101229454459631e-04 7.641930368679773463e-04 7.893337918779632940e-04 8.154687416764399557e-04 8.426354716799150683e-04 8.708728209804036339e-04 9.002209015393893357e-04 9.307211142192939844e-04 9.624161612460671806e-04 9.953500546896901571e-04 1.029568120546041918e-03 1.065116998003904627e-03 1.102044633485129528e-03 1.140400269054303757e-03 1.180234424806779654e-03 1.221598874860739363e-03 1.264546616600087901e-03 1.309131832840413874e-03 1.355409846619885653e-03 1.403437068350751708e-03 1.453270935104773341e-03 1.504969841847314397e-03 1.558593064479670129e-03 1.614200674597069491e-03 1.671853445920518013e-03 1.731612752413564174e-03 1.793540458150014606e-03 1.857698799054867270e-03 1.924150256698028624e-03 1.992957424377977699e-03 2.064182865790161695e-03 2.137888966631786014e-03
5.204614398947488311e-04 5.345420643511449021e-04 5.491706166655214646e-04 5.643679912180349237e-04 5.801558228617648963e-04 5.965565140769045656e-04 6.135932630568455715e-04 6.312900926651199979e-04 6.496718801837443515e-04 6.687643877537808755e-04 6.885942933879974368e-04 7.091892224135363078e-04 7.305777791796687522e-04 7.527895788422125705e-04 7.758552790123109675e-04 7.998066110331680930e-04 8.246764106244550011e-04 8.504986476105681325e-04 8.773084544262185888e-04 9.051421530711863160e-04 9.340372801658817885e-04 9.640326097409508471e-04 9.951681733779019299e-04 1.027485277303930760e-03 1.061026516033131877e-03 1.095835782138417048e-03 1.131958271733961036e-03 1.169440485247196047e-03 1.208330223062390905e-03 1.248676575625010761e-03 1.290529907607339006e-03 1.333941835751483807e-03 1.378965200025859816e-03 1.425654027755577941e-03 1.474063490415758416e-03 1.524249852809637451e-03 1.576270414390104103e-03 1.630183442523997156e-03 1.686048097542649409e-03 1.743924349469574801e-03 1.803872886366541129e-03 1.865955014292003432e-03 1.930232548920750692e-03 1.996767698930025821e-03 2.065622941314910165e-03 2.136860888853881965e-03 2.210544150003633697e-03 2.286735181560007723e-03 2.365496134478577064e-03 2.446888693303711244e-03 2.530973909708107185e-03
6.411205080643960158e-04 6.583061821285248220e-04 6.761347407260930942e-04 6.946295691392240235e-04 7.138148578938998063e-04 7.337156321711320837e-04 7.543577819770239199e-04 7.757680929566428477e-04 7.979742777146427461e-04 8.210050074826982488e-04 8.448899439501774983e-04 8.696597710504286403e-04 8.953462264707058929e-04 9.219821326295377876e-04 9.496014268414234303e-04 9.782391903655270494e-04 1.007931676012858210e-03 1.038716333965534555e-03 1.070631835442638520e-03 1.103718093830051861e-03 1.138016282876994772e-03 1.173568851550035831e-03 1.210419535126438725e-03 1.248613362103174682e-03 1.288196656495958206e-03 1.329217035104597339e-03 1.371723399326893206e-03 1.415765921113465485e-03 1.461396022670384022e-03 1.508666349535291206e-03 1.557630736675989476e-03 1.608344167288024195e-03 1.660862723999646405e-03 1.715243532228541380e-03 1.771544695474530076e-03 1.829825222376054838e-03 1.890144945405104748e-03 1.952564431125224228e-03 2.017144881989763570e-03 2.083948029712317206e-03 2.153036020297805202e-03 2.224471290880458609e-03 2.298316438573463471e-03 2.374634081593831117e-03 2.453486712984546351e-03 2.534936547313656856e-03 2.619045360786281459e-03 2.705874325259932742e-03 2.795483836705533499e-03 2.887933338705706791e-03 2.983281141627678289e-03
7.887462274126437294e-04 8.095763057785183934e-04 8.311537511453424886e-04 8.535045381207396380e-04 8.766555159794809857e-04 9.006344399492509497e-04 9.254700029238782221e-04 9.511918674249143345e-04 9.778306976081499111e-04 1.005418191087177442e-03 1.033987110321532609e-03 1.063571313292698559e-03 1.094205783167585258e-03 1.125926656626389296e-03 1.158771250510252145e-03 1.192778086424349038e-03 1.227986912914150880e-03 1.264438724817108783e-03 1.302175779379122038e-03 1.341241608715303384e-03 1.381681028187937066e-03 1.423540140271530984e-03 1.466866333475661194e-03 1.511708275901096953e-03 1.558115903013759579e-03 1.606140399234357854e-03 1.655834172959301303e-03 1.707250824650674787e-03 1.760445107659582009e-03 1.815472881478121230e-03 1.872391057150294205e-03 1.931257534611298182e-03 1.992131131767498672e-03 2.055071505175785646e-03 2.120139062230500318e-03 2.187394864818456054e-03 2.256900524457230734e-03 2.328718088988442503e-03 2.402909920955815896e-03 2.479538567856628788e-03 2.558666624514587852e-03 2.640356587881297415e-03 2.724670704631994029e-03 2.811670811978578613e-03 2.901418172178514294e-03 2.993973301271498234e-03 3.089395792626338250e-03 3.187744135927925333e-03 3.289075532277758139e-03 3.393445706121270972e-03 3.500908714750338834e-03
9.685526436220824077e-04 9.936161281376622734e-04 1.019540584801492157e-03 1.046354672108242966e-03 1.074087997019609062e-03 1.102771147284788318e-03 1.132435723669025307e-03 1.163114371841246194e-03 1.194840813647205131e-03 1.227649877470559248e-03 1.261577527361001927e-03 1.296660890586665222e-03 1.332938283247441869e-03 1.370449233567381077e-03 1.409234502467945167e-03 1.449336101010193769e-03 1.490797304283143906e-03 1.533662661307979170e-03 1.577978000523702455e-03 1.623790430419548916e-03 1.671148334883167759e-03 1.720101362841490282e-03 1.770700411783379148e-03 1.822997604769818888e-03 1.877046260558457675e-03 1.932900856494867850e-03 1.990616983852810593e-03 2.050251295339975462e-03 2.111861444524014853e-03 2.175506016975801201e-03 2.241244452972734717e-03 2.309136961653906941e-03 2.379244426570998553e-03 2.451628302633290356e-03 2.526350504501710063e-03 2.603473286545067867e-03 2.683059114530855944e-03 2.765170529282810676e-03 2.849870002597316900e-03 2.937219785770087046e-03 3.027281751142803928e-03 3.120117227136173094e-03 3.215786827290395902e-03 3.314350273886034273e-03 3.415866216767172395e-03 3.520392048034014926e-03 3.627983713313482489e-03 3.738695520353350898e-03 3.852579945717753314e-03 3.969687440389315682e-03 4.090066235105225059e-03
1.186478223664420677e-03 1.216407501175148119e-03 1.247319873828454896e-03 1.279246778520486951e-03 1.312220677282435440e-03 1.346275089244355905e-03 1.381444621784389069e-03 1.417765000544820783e-03 1.455273097973864898e-03 1.494006960031046827e-03 1.534005830674758323e-03 1.575310173733502966e-03 1.617961691747782762e-03 1.662003341357818319e-03 1.707479344803785161e-03 1.754435197100110257e-03 1.802917668444034517e-03 1.852974801421230448e-03 1.904655902578023929e-03 1.958011527940841604e-03 2.013093462079005354e-03 2.069954690326974555e-03 2.128649363806603152e-03 2.189232756918887968e-03 2.251761217007986794e-03 2.316292105937680246e-03 2.382883733361951164e-03 2.451595281516470715e-03 2.522486721406431986e-03 2.595618720317721759e-03 2.671052540632839860e-03 2.748849929989403452e-03 2.829073002877447070e-03 2.911784113831215447e-03 2.997045722431466042e-03 3.084920250394761459e-03 3.175469931086374441e-03 3.268756651852694050e-03 3.364841789626826524e-03 3.463786040316907747e-03 3.565649242540063716e-03 3.670490196315287154e-03 3.778366477375472935e-03 3.889334247801881379e-03 4.003448063723148882e-03 4.120760680855069594e-03 4.241322858686651792e-03 4.365183164141968157e-03 4.492387775566019856e-03 4.622980287895847411e-03 4.757001519885665185e-03
1.449220240157470495e-03 1.484682148505133293e-03 1.521257015911263661e-03 1.558979153699048981e-03 1.597883974788276602e-03 1.638008023315207012e-03 1.679389002516313862e-03 1.722065800495215524e-03 1.766078513474319623e-03 1.811468466117281814e-03 1.858278228495824358e-03 1.906551629264887195e-03 1.956333764604008350e-03 2.007671002480342689e-03 2.060610981790245936e-03 2.115202605941929066e-03 2.171496030451601934e-03 2.229542644139849688e-03 2.289395043533849761e-03 2.351107000104333926e-03 2.414733419994106404e-03 2.480330295927140639e-03 2.547954651023868772e-03 2.617664474288873815e-03 2.689518647581621690e-03 2.763576863928970256e-03 2.839899537089320830e-03 2.918547702332323877e-03 2.999582908454491957e-03 3.083067101109378781e-03 3.169062497590729305e-03 3.257631453267747102e-03 3.348836319932618592e-03 3.442739296381341994e-03 3.539402271609083401e-03 3.638886661060180151e-03 3.741253236429970160e-03 3.846561949570417166e-03 3.954871751103331001e-03 4.066240404393661398e-03 4.180724295580022509e-03 4.298378240400332721e-03 4.419255288586438138e-03 4.543406526632793631e-03 4.670880879770320480e-03 4.801724913997142997e-03 4.935982639033045447e-03 5.073695313073785240e-03 5.214901250225181806e-03 5.359635631494591608e-03 5.507930320209704529e-03
1.764261364935734017e-03 1.805945559112256916e-03 1.848879405260565878e-03 1.893100184682025523e-03 1.938646351722377818e-03 1.985557558487100523e-03 2.033874676727393926e-03 2.083639816469160053e-03 2.134896340946744204e-03 2.187688877396190123e-03 2.242063323259076493e-03 2.298066847348448436e-03 2.355747885532694531e-03 2.415156130501962869e-03 2.476342515194755213e-03 2.539359189480036409e-03 2.604259489712266659e-03 2.671097900803523235e-03 2.739930010488029078e-03 2.810812455489921594e-03 2.883802859344824880e-03 2.958959761669424302e-03 3.036342538720586404e-03 3.116011315136225403e-03 3.198026866803793319e-03 3.282450514858397794e-03 3.369344010870937642e-03 3.458769413346444738e-03 3.550788955713897813e-03 3.645464906050277509e-03 3.742859418843257676e-03 3.843034379157935897e-03 3.946051239632947065e-03 4.051970850789647291e-03 4.160853285194122606e-03 4.272757656065270110e-03 4.387741930972356187e-03 4.505862741312084870e-03 4.627175188297707152e-03 4.751732646230644348e-03 4.879586563858425222e-03 5.010786264650672617e-03 5.145378746847729425e-03 5.283408484153577327e-03 5.424917227956216857e-03 5.569943811964327314e-03 5.718523960148825559e-03 5.870690098872085455e-03 6.026471174075770550e-03 6.185892474380983407e-03 6.348975460931651112e-03
2.139889582517663733e-03 2.188494277857270208e-03 2.238491140619152178e-03 2.289920510814976232e-03 2.342823961458308322e-03 2.397244315340101885e-03 2.453225657759922334e-03 2.510813344760419192e-03 2.570054006411568760e-03 2.630995544694547834e-03 2.693687125542320194e-03 2.758179164605962467e-03 2.824523306331976503e-03 2.892772395956684159e-03 2.962980444049304312e-03 3.035202583265207265e-03 3.109495017005252989e-03 3.185914959715756712e-03 3.264520568606382386e-03 3.345370866609745190e-03 3.428525656456517159e-03 3.514045425792979363e-03 3.601991243323777060e-03 3.692424646020821613e-03 3.785407517499149183e-03 3.881001957721796642e-03 3.979270144257744668e-03 4.080274185379171269e-03 4.184075965346095369e-03 4.290736982287469102e-03 4.400318179147282363e-03 4.512879768221698951e-03 4.628481049868275569e-03 4.747180226020143723e-03 4.869034209186526990e-03 4.994098427665326530e-03 5.122426627733597977e-03 5.254070673617037592e-03 5.389080346069914998e-03 5.527503140421698158e-03 5.669384064966163927e-03 5.814765440582271572e-03 5.963686702484151739e-03 6.116184204999325878e-03 6.272291030270536229e-03 6.432036801766770513e-03 6.595447503473587415e-03 6.762545305611977579e-03 6.933348397708446673e-03 7.107870829807567785e-03 7.286122362581934873e-03
2.585213761708298266e-03 2.641429029448469964e-03 2.699183742057935896e-03 2.758521369360599287e-03 2.819486654826762213e-03 2.882125621070196712e-03 2.946485570033940612e-03 3.012615077415232382e-03 3.080563980890210340e-03 3.150383361714080219e-03 3.222125519291691841e-03 3.295843938337574431e-03 3.371593248273080465e-03 3.449429174541308440e-03 3.529408481558006516e-03 3.611588907058169238e-03 3.696029087643646661e-03 3.782788475386232585e-03 3.871927245393131430e-03 3.963506194297090890e-03 4.057586629691281935e-03 4.154230250588841419e-03 4.253499019048323677e-03 4.355455023168546339e-03 4.460160331719122996e-03 4.567676840735535558e-03 4.678066112469485803e-03 4.791389207145992264e-03 4.907706508037499617e-03 5.027077540421788504e-03 5.149560785044180779e-03 5.275213486754654763e-03 5.404091459037135316e-03 5.536248885190233303e-03 5.671738116956370757e-03 5.810609471428767984e-03 5.952911027093021369e-03 6.098688419881858995e-03 6.247984640137651050e-03 6.400839831387537121e-03 6.557291091840352845e-03 6.717372279512910313e-03 6.881113821885612852e-03 7.048542530974132372e-03 7.219681424684746066e-03 7.394549555296336951e-03 7.573161845882354741e-03 7.755528935451039795e-03 7.941657033542695934e-03 8.131547784978919793e-03 8.325198145410644263e-03
3.110178491654555944e-03 3.174667371448193758e-03 3.240846659554291308e-03 3.308762994511412273e-03 3.378464301234447836e-03 3.449999781821123934e-03 3.523419899811047577e-03 3.598776357481473388e-03 3.676122065786407989e-03 3.755511106572777084e-03 3.836998686738873118e-03 3.920641084036363688e-03 4.006495584257405151e-03 4.094620409592803455e-03 4.185074637995223057e-03 4.277918113433029808e-03 4.373211346975067713e-03 4.471015408703911918e-03 4.571391810514764849e-03 4.674402379918340955e-03 4.780109125028592781e-03 4.888574090979311455e-03 4.999859208076794237e-03 5.114026132058614726e-03 5.231136076890332588e-03 5.351249640592122513e-03 5.474426624645384147e-03 5.600725847584797461e-03 5.730204953433480630e-03 5.862920215687425149e-03 5.998926337599917551e-03 6.138276249556423071e-03 6.281020904365582427e-03 6.427209071321731207e-03 6.576887129918723360e-03 6.730098864113540601e-03 6.886885258051069804e-03 7.047284294168184617e-03 7.211330754596400293e-03 7.379056026777055556e-03 7.550487914192187920e-03 7.725650453097320652e-03 7.904563736119930503e-03 8.087243743559506537e-03 8.273702183191943352e-03 8.463946339343058831e-03 8.657978931953431295e-03 8.855797986309988865e-03 9.057396714069208821e-03 9.262763406142788050e-03 9.471881337959659961e-03
3.725582996649835429e-03 3.798960771692602711e-03 3.874182549901452818e-03 3.951298128373555499e-03 4.030358566769766913e-03 4.111416160207560441e-03 4.194524404488630780e-03 4.279737953310723368e-03 4.367112567147595631e-03 4.456705053519736427e-03 4.548573198421374149e-03 4.642775688716095465e-03 4.739372025363873704e-03 4.838422427396012887e-03 4.939987726611077580e-03 5.044129253023995479e-03 5.150908711161450090e-03 5.260388047359146509e-03 5.372629308279986901e-03 5.487694490935885253e-03 5.605645384559512084e-03 5.726543404735209494e-03 5.850449420259570821e-03 5.977423573262026328e-03 6.107525093172737687e-03 6.240812105179422559e-03 6.377341433865359351e-03 6.517168402767743902e-03 6.660346630637800809e-03 6.806927825221969694e-03 6.956961575415871422e-03 7.110495142669977058e-03 7.267573252547579465e-03 7.428237887351194987e-03 7.592528080743498123e-03 7.760479715292475239e-03 7.932125323868258540e-03 8.107493895810783530e-03 8.286610688773093925e-03 8.469497047125074118e-03 8.656170227776817730e-03 8.846643234249709428e-03 9.040924659787161199e-03 9.239018540256199036e-03 9.440924217545526576e-03 9.646636214116570060e-03 9.856144119310704388e-03 1.006943248795987532e-02 1.028648075178867013e-02 1.050726314403460475e-02 1.073174863765015939e-02
4.443109978264720740e-03 4.525922035984443655e-03 4.610733326854648054e-03 4.697596730177450684e-03 4.786566319651528248e-03 4.877697315581534278e-03 4.971046028505696733e-03 5.066669793985740210e-03 5.164626898348371672e-03 5.264976495216722001e-03 5.367778512722497404e-03 5.473093551345220402e-03 5.580982772383252799e-03 5.691507777121724773e-03 5.804730476824677098e-03 5.920712953742364448e-03 6.039517313388437052e-03 6.161205528406248771e-03 6.285839274407052299e-03 6.413479758225677264e-03 6.544187539100301647e-03 6.678022343341876235e-03 6.815042873115001627e-03 6.955306610004977595e-03 7.098869614095062834e-03 7.245786319323080718e-03 7.396109325926876303e-03 7.549889190823884204e-03 7.707174216800099370e-03 7.868010241408575356e-03 8.032440426496392089e-03 8.200505049292124496e-03 8.372241295992587096e-03 8.547683058788675681e-03 8.726860737264568318e-03 8.909801045093507232e-03 9.096526822935940490e-03 9.287056858422784375e-03 9.481405714078201125e-03 9.679583564002060617e-03 9.881596040093759345e-03 1.008744408855524397e-02 1.029712383736335057e-02 1.051062647534984663e-02 1.072793814347229244e-02 1.094903983880057309e-02 1.117390733168298518e-02 1.140251109649309882e-02 1.163481625629339371e-02 1.187078254168653230e-02 1.211036426405794932e-02
5.275370963349464148e-03 5.368069745019877007e-03 5.462923726467171746e-03 5.559988711440708511e-03 5.659321579388043762e-03 5.760980214896819704e-03 5.865023427909371589e-03 5.971510864572968959e-03 6.080502908642993962e-03 6.192060573413429685e-03 6.306245384208728454e-03 6.423119251532817715e-03 6.542744335034178862e-03 6.665182898510252710e-03 6.790497156238870305e-03 6.918749110989143303e-03 7.050000384127808398e-03 7.184312038299734034e-03 7.321744393221770071e-03 7.462356835187511014e-03 7.606207620935744908e-03 7.753353676587184870e-03 7.903850392401996772e-03 8.057751414154209341e-03 8.215108431957586499e-03 8.375970967411404400e-03 8.540386159962529838e-03 8.708398553402609335e-03 8.880049883435832403e-03 9.055378867263104425e-03 9.234420996132874232e-03 9.417208331807036537e-03 9.603769307882356610e-03 9.794128536893919115e-03 9.988306624107125969e-03 1.018631998887914794e-02 1.038818069443947847e-02 1.059389628690294606e-02 1.080346964428711629e-02 1.101689883626016594e-02 1.123417699529519719e-02 1.145529219985314158e-02 1.168022737015918244e-02 1.190896017707753808e-02 1.214146296452686159e-02 1.237770268581418580e-02 1.261764085419920210e-02 1.286123350793377980e-02 1.310843118995414815e-02 1.335917894233541563e-02 1.361341631555106069e-02
6.235975006041775091e-03 6.338896641226618792e-03 6.444129422905230629e-03 6.551731828871900677e-03 6.661763239533134012e-03 6.774283843357526910e-03 6.889354532772864331e-03 7.007036790510054458e-03 7.127392566454343256e-03 7.250484145126943197e-03 7.376374003984147859e-03 7.505124662785887975e-03 7.636798524350602198e-03 7.771457707078124194e-03 7.909163869685995399e-03 8.049978028666878935e-03 8.193960369035096017e-03 8.341170048987755006e-03 8.491664999160502061e-03 8.645501717208745399e-03 8.802735058491814590e-03 8.963418023679631946e-03 9.127601544138745290e-03 9.295334265986349848e-03 9.466662333727225362e-03 9.641629174409112671e-03 9.820275283246358497e-03 1.000263801167010705e-02 1.018875135876544380e-02 1.037864576705188439e-02 1.057234792355311696e-02 1.076988056708604036e-02 1.097126230267639856e-02 1.117650742398083701e-02 1.138562574456140203e-02 1.159862243882018099e-02 1.181549789335821499e-02 1.203624756947477455e-02 1.226086187747132440e-02 1.248932606336853116e-02 1.272162010858594178e-02 1.295771864307210773e-02 1.319759087230909338e-02 1.344120051854939650e-02 1.368850577657620277e-02 1.393945928420985830e-02 1.419400810771511215e-02 1.445209374219517257e-02 1.471365212699116652e-02 1.497861367603819764e-02 1.524690332306419260e-02
7.339627207708429059e-03 7.452968545596746520e-03 7.568776391016228226e-03 7.687111546997030080e-03 7.808035490635754743e-03 7.931610254282803543e-03 8.057898297195999551e-03 8.186962367806837823e-03 8.318865356810220199e-03 8.453670141353897272e-03 8.591439420669116922e-03 8.732235543548811513e-03 8.876120328143454613e-03 9.023154874606795217e-03 9.173399371183610373e-03 9.326912894388590669e-03 9.483753203979528729e-03 9.643976533477552349e-03 9.807637377033317019e-03 9.974788273478783079e-03 1.014547958844018265e-02 1.031975929541850343e-02 1.049767275676830904e-02 1.067926250552496230e-02 1.086456802904298483e-02 1.105362555541486783e-02 1.124646784364015904e-02 1.144312397850858094e-02 1.164361917114903854e-02 1.184797456617804785e-02 1.205620705635699307e-02 1.226832910563798763e-02 1.248434858144263290e-02 1.270426859697768376e-02 1.292808736434640157e-02 1.315579805916467643e-02 1.338738869733739970e-02 1.362284202459324370e-02 1.386213541931567012e-02 1.410524080914487763e-02 1.435212460176010438e-02 1.460274763018479596e-02 1.485706511288888837e-02 1.511502662889346003e-02 1.537657610801385598e-02 1.564165183630827904e-02 1.591018647673044656e-02 1.618210710491757923e-02 1.645733525997909383e-02 1.673578701008728367e-02 1.701737303260964299e-02
8.602262236163929834e-03 8.726059141270062908e-03 8.852477004389720447e-03 8.981578507059866795e-03 9.113426722782013920e-03 9.248084974637811595e-03 9.385616683733397428e-03 9.526085208767709825e-03 9.669553677085442403e-03 9.816084807640349658e-03 9.965740726358432444e-03 1.011858277445247013e-02 1.027467131029908762e-02 1.043406550554633154e-02 1.059682313617306589e-02 1.076300036927099399e-02 1.093265154636517342e-02 1.110582896412905252e-02 1.128258265338537986e-02 1.146296015731369106e-02 1.164700630980906350e-02 1.183476301495455484e-02 1.202626902858144019e-02 1.222155974289678565e-02 1.242066697515694339e-02 1.262361876135834407e-02 1.283043915590354085e-02 1.304114803818085325e-02 1.325576092697055945e-02 1.347428880355915418e-02 1.369673794440677897e-02 1.392310976417097772e-02 1.415340066984331971e-02 1.438760192670454803e-02 1.462569953674885785e-02 1.486767413016937614e-02 1.511350087043544614e-02 1.536314937342775355e-02 1.561658364103143092e-02 1.587376200951878813e-02 1.613463711298450051e-02 1.639915586202608799e-02 1.666725943779243449e-02 1.693888330145343346e-02 1.721395721907478457e-02 1.749240530181388892e-02 1.777414606128674066e-02 1.805909247989091054e-02 1.834715209580803016e-02 1.863822710234926475e-02 1.893221446125093604e-02
1.004121553529501928e-02 1.017532353224726016e-02 1.031220598652925029e-02 1.045192692024728663e-02 1.059455041660504852e-02 1.074014045552294620e-02 1.088876074076721399e-02 1.104047451902772162e-02 1.119534439144732017e-02 1.135343211816771183e-02 1.151479841651635930e-02 1.167950275351574765e-02 1.184760313344961936e-02 1.201915588126988010e-02 1.219421542267289625e-02 1.237283406171364730e-02 1.255506175686121710e-02 1.274094589642789550e-02 1.293053107432780811e-02 1.312385886713810998e-02 1.332096761344681718e-02 1.352189219647623522e-02 1.372666383096918068e-02 1.393530985531725094e-02 1.414785352989631970e-02 1.436431384255381846e-02 1.458470532216616690e-02 1.480903786115247804e-02 1.503731654779330747e-02 1.526954150916019597e-02 1.550570776541439731e-02 1.574580509618131452e-02 1.598981791965095253e-02 1.623772518499562445e-02 1.648950027863318318e-02 1.674511094479913184e-02 1.700451922082371961e-02 1.726768138744097861e-02 1.753454793438687792e-02 1.780506354147297354e-02 1.807916707525101391e-02 1.835679160131373222e-02 1.863786441220684903e-02 1.892230707085908875e-02 1.921003546936991130e-02 1.950095990292960782e-02 1.979498515858378258e-02 2.009201061849458930e-02 2.039193037729336924e-02 2.069463337306649831e-02 2.100000353146522572e-02
1.167543083638959353e-02 1.181950950017431924e-02 1.196651543644993744e-02 1.211651339099238840e-02 1.226956779838318974e-02 1.242574259794556983e-02 1.258510104214536317e-02 1.274770549802859386e-02 1.291361724232728200e-02 1.308289625092234204e-02 1.325560098340545709e-02 1.343178816353170213e-02 1.361151255639942229e-02 1.379482674323422899e-02 1.398178089468863489e-02 1.417242254359841504e-02 1.436679635815998196e-02 1.456494391651052926e-02 1.476690348370376243e-02 1.497270979207877828e-02 1.518239382601796125e-02 1.539598261208173849e-02 1.561349901549358501e-02 1.583496154392823388e-02 1.606038415952915077e-02 1.628977610004922472e-02 1.652314170997049372e-02 1.676048028241566845e-02 1.700178591261611652e-02 1.724704736364870289e-02 1.749624794509719097e-02 1.774936540523398831e-02 1.800637183725472060e-02 1.826723360003229893e-02 1.853191125378922388e-02 1.880035951101702643e-02 1.907252720290128489e-02 1.934835726143876306e-02 1.962778671736194885e-02 1.991074671391473636e-02 2.019716253645248427e-02 2.048695365777032304e-02 2.078003379899563685e-02 2.107631100581515426e-02 2.137568773974345485e-02 2.167806098407901866e-02 2.198332236413631444e-02 2.229135828128792768e-02 2.260205006029978453e-02 2.291527410939527346e-02 2.323090209244077844e-02
1.352569646813232655e-02 1.367919940638066649e-02 1.383578230737401299e-02 1.399550996140451649e-02 1.415844644321671841e-02 1.432465491111306263e-02 1.449419739969545762e-02 1.466713460693217647e-02 1.484352567629358341e-02 1.502342797475024472e-02 1.520689686747275955e-02 1.539398549011350079e-02 1.558474451958619285e-02 1.577922194428908742e-02 1.597746283474205109e-02 1.617950911562568081e-02 1.638539934022250136e-02 1.659516846826584319e-02 1.680884764820073443e-02 1.702646400485418113e-02 1.724804043349762242e-02 1.747359540126513372e-02 1.770314275686400360e-02 1.793669154948276251e-02 1.817424585776362955e-02 1.841580462966383933e-02 1.866136153398193984e-02 1.891090482427291997e-02 1.916441721581941052e-02 1.942187577626596634e-02 1.968325183045960963e-02 1.994851087997407194e-02 2.021761253772629691e-02 2.049051047802372821e-02 2.076715240230940160e-02 2.104748002079976157e-02 2.133142905013747301e-02 2.161892922710967682e-02 2.190990433841026944e-02 2.220427226635472706e-02 2.250194505038696433e-02 2.280282896415141217e-02 2.310682460783819100e-02 2.341382701544855380e-02 2.372372577656808174e-02 2.403640517218010031e-02 2.435174432399966893e-02 2.466961735676025114e-02 2.498989357284081905e-02 2.531243763858070234e-02 2.563710978159372197e-02
1.561489436218282262e-02 1.577706727812430709e-02 1.594247349563838317e-02 1.611117712822188186e-02 1.628324114815065185e-02 1.645872717192205237e-02 1.663769524065554853e-02 1.682020359624051067e-02 1.700630845406721214e-02 1.719606377321941659e-02 1.738952102504380190e-02 1.758672896104307784e-02 1.778773338106535984e-02 1.799257690278198082e-02 1.820129873345914182e-02 1.841393444503593504e-02 1.863051575352162384e-02 1.885107030371890174e-02 1.907562146026779357e-02 1.930418810598547724e-02 1.953678444845269660e-02 1.977341983576627604e-02 2.001409858234052402e-02 2.025881980559818968e-02 2.050757727434426858e-02 2.076035926956435254e-02 2.101714845833256920e-02 2.127792178145455904e-02 2.154265035540710999e-02 2.181129938907019894e-02 2.208382811567813353e-02 2.236018974034609946e-02 2.264033140345654213e-02 2.292419416011682448e-02 2.321171297582644982e-02 2.350281673841931804e-02 2.379742828627355936e-02 2.409546445271039741e-02 2.439683612643359784e-02 2.470144832779250579e-02 2.500920030058663077e-02 2.531998561906579834e-02 2.563369230972036006e-02 2.595020298739847756e-02 2.626939500523434862e-02 2.659114061782132110e-02 2.691530715701804036e-02 2.724175721973397246e-02 2.757034886700326232e-02 2.790093583362208973e-02 2.823336774759615045e-02
1.796823427147494281e-02 1.813812448075345293e-02 1.831140279815905714e-02 1.848813191971950334e-02 1.866837296467547397e-02 1.885218525051425217e-02 1.903962606436788996e-02 1.923075043164635886e-02 1.942561088281459167e-02 1.962425721925673688e-02 1.982673627919821421e-02 2.003309170467848510e-02 2.024336371058307535e-02 2.045758885675240044e-02 2.067579982418821932e-02 2.089802519637418143e-02 2.112428924671728298e-02 2.135461173309977090e-02 2.158900770050856469e-02 2.182748729267970644e-02 2.207005557366054777e-02 2.231671236015180318e-02 2.256745206544576512e-02 2.282226355572622434e-02 2.308113001944024287e-02 2.334402885039317532e-02 2.361093154515493675e-02 2.388180361529996729e-02 2.415660451493459315e-02 2.443528758389506075e-02 2.471780000692706120e-02 2.500408278908436768e-02 2.529407074751050671e-02 2.558769251969307545e-02 2.588487058820720596e-02 2.618552132189174222e-02 2.648955503333043360e-02 2.679687605244115978e-02 2.710738281590835755e-02 2.742096797212930509e-02 2.773751850128266735e-02 2.805691585006912792e-02 2.837903608061808497e-02 2.870375003300318015e-02 2.903092350076111328e-02 2.936041741876474487e-02 2.969208806276171439e-02 3.002578725985442440e-02 3.036136260916665747e-02 3.069865771191488887e-02 3.103751241008100709e-02
2.061343180683300122e-02 2.078991372809560825e-02 2.096994060811360056e-02 2.115357299089831722e-02 2.134086940964679061e-02 2.153188615449583981e-02 2.172667703806967221e-02 2.192529315975387180e-02 2.212778266965989560e-02 2.233419053326931095e-02 2.254455829776571760e-02 2.275892386107471535e-02 2.297732124463874523e-02 2.319978037095243514e-02 2.342632684687757233e-02 2.365698175374282911e-02 2.389176144521353018e-02 2.413067735389001420e-02 2.437373580756143146e-02 2.462093785600307644e-02 2.487227910916191970e-02 2.512774958752629975e-02 2.538733358542230242e-02 2.565100954792122120e-02 2.591874996198124600e-02 2.619052126238127776e-02 2.646628375293683111e-02 2.674599154341767218e-02 2.702959250251475015e-02 2.731702822713033552e-02 2.760823402819091721e-02 2.790313893310767540e-02 2.820166570493500696e-02 2.850373087820325807e-02 2.880924481132942847e-02 2.911811175543816202e-02 2.943022993935619572e-02 2.974549167047632267e-02 3.006378345112294126e-02 3.038498610999011695e-02 3.070897494816498749e-02 3.103561989919550318e-02 3.136478570261087145e-02 3.169633209025676801e-02 3.203011398476527521e-02 3.236598170944132019e-02 3.270378120881428652e-02 3.304335427907401090e-02 3.338453880758590619e-02 3.372716902065975297e-02 3.407107573873097150e-02
2.358077404933822327e-02 2.376259652736805242e-02 2.394812275904656049e-02 2.413741043684862128e-02 2.433051482074614219e-02 2.452748850151069068e-02 2.472838116320538390e-02 2.493323934584617402e-02 2.514210620923467213e-02 2.535502129898217424e-02 2.557202031575428469e-02 2.579313488876917165e-02 2.601839235457995003e-02 2.624781554216150045e-02 2.648142256530656297e-02 2.671922662331289305e-02 2.696123581091497065e-02 2.720745293837866646e-02 2.745787536263680911e-02 2.771249483029792834e-02 2.797129733330929596e-02 2.823426297799987855e-02 2.850136586816911025e-02 2.877257400282395849e-02 2.904784918909973992e-02 2.932714697083120894e-02 2.961041657316802744e-02 2.989760086355595231e-02 3.018863632933006455e-02 3.048345307209121557e-02 3.078197481896137802e-02 3.108411895073847492e-02 3.138979654689701831e-02 3.169891244730763807e-02 3.201136533047749949e-02 3.232704780804449007e-02 3.264584653519070345e-02 3.296764233657797222e-02 3.329231034734663613e-02 3.361972016866206225e-02 3.394973603723960842e-02 3.428221700822988577e-02 3.461701715079969904e-02 3.495398575570399929e-02 3.529296755410679665e-02 3.563380294687672895e-02 3.597632824355536524e-02 3.632037591017302919e-02 3.666577482506779007e-02 3.701235054184945361e-02 3.735992555863972692e-02
2.690300519053703127e-02 2.708886777472566121e-02 2.727859348905731576e-02 2.747223654333146373e-02 2.766984831510126489e-02 2.787147711091866181e-02 2.807716792808778380e-02 2.828696221793899901e-02 2.850089765165115738e-02 2.871900788965867438e-02 2.894132235568199624e-02 2.916786601641599766e-02 2.939865916789937902e-02 2.963371722957094945e-02 2.987305054699427448e-02 3.011666420420209753e-02 3.036455784657573001e-02 3.061672551513233698e-02 3.087315549304608248e-02 3.113383016517620727e-02 3.139872589131890990e-02 3.166781289383784059e-02 3.194105516026428393e-02 3.221841036138933106e-02 3.249982978530030486e-02 3.278525828774041945e-02 3.307463425909681204e-02 3.336788960824606937e-02 3.366494976341067452e-02 3.396573369010327803e-02 3.427015392616040296e-02 3.457811663379185829e-02 3.488952166849919323e-02 3.520426266464432574e-02 3.552222713738089482e-02 3.584329660059273198e-02 3.616734670042174443e-02 3.649424736390524671e-02 3.682386296218675970e-02 3.715605248771081809e-02 3.749066974476297082e-02 3.782756355267138243e-02 3.816657796094561489e-02 3.850755247559196903e-02 3.885032229581312363e-02 3.919471856027266499e-02 3.954056860208234048e-02 3.988769621165211277e-02 4.023592190652924144e-02 4.058506320734355660e-02 4.093493491897141900e-02
3.061496693162396934e-02 3.080363277951826337e-02 3.099631838071591899e-02 3.119307393763754918e-02 3.139394645061058947e-02 3.159897947893742370e-02 3.180821290367952248e-02 3.202168269319167343e-02 3.223942067244815746e-02 3.246145429720469905e-02 3.268780643403557812e-02 3.291849514727314407e-02 3.315353349385938980e-02 3.339292932709418682e-02 3.363668511023458485e-02 3.388479774086165797e-02 3.413725838689002368e-02 3.439405233504592985e-02 3.465515885258768636e-02 3.492055106298386918e-02 3.519019583620337788e-02 3.546405369420579240e-02 3.574207873215141940e-02 3.602421855577984250e-02 3.631041423533136470e-02 3.660060027631128338e-02 3.689470460732025003e-02 3.719264858509732652e-02 3.749434701684560556e-02 3.779970819983348440e-02 3.810863397818943510e-02 3.842101981673417405e-02 3.873675489162139995e-02 3.905572219748877638e-02 3.937779867075326401e-02 3.970285532862050104e-02 4.003075742331706904e-02 4.036136461099695816e-02 4.069453113472002587e-02 4.103010602085063047e-02 4.136793328817962162e-02 4.170785216903172971e-02 4.204969734158427869e-02 4.239329917259117286e-02 4.273848396967920571e-02 4.308507424236072969e-02 4.343288897088930928e-02 4.378174388207123346e-02 4.413145173113659087e-02 4.448182258876976630e-02 4.483266413239769821e-02
3.475296399372127670e-02 3.494341562263591355e-02 3.513803484305803165e-02 3.533686747186206428e-02 3.553995578986577503e-02 3.574733830406096047e-02 3.595904951263411559e-02 3.617511967382371074e-02 3.639557457966283854e-02 3.662043533565224884e-02 3.684971814739713969e-02 3.708343411522393995e-02 3.732158903776938014e-02 3.756418322550277716e-02 3.781121132510691790e-02 3.806266215560003691e-02 3.831851855703328341e-02 3.857875725254569788e-02 3.884334872450048021e-02 3.911225710536479078e-02 3.938544008392942664e-02 3.966284882739583989e-02 3.994442791978605051e-02 4.023011531705757149e-02 4.051984231922888674e-02 4.081353355974515207e-02 4.111110701223554681e-02 4.141247401473661244e-02 4.171753931137826832e-02 4.202620111145326937e-02 4.233835116571568746e-02 4.265387485968075154e-02 4.297265132362778489e-02 4.329455355893913060e-02 4.361944858034343814e-02 4.394719757356881779e-02 4.427765606785345059e-02 4.461067412270696558e-02 4.494609652826482560e-02 4.528376301853218044e-02 4.562350849677212355e-02 4.596516327225562415e-02 4.630855330755827282e-02 4.665350047556072327e-02 4.699982282528682859e-02 4.734733485569447842e-02 4.769584779652068923e-02 4.804516989527242432e-02 4.839510670945000592e-02 4.874546140308931574e-02 4.909603504671167934e-02
