-2.595664201377976710e+01 -2.587068716870310681e+01 -2.578332931989229593e+01 -2.569454501553497749e+01 -2.560431037972237078e+01 -2.551260110271846315e+01 -2.541939243086646627e+01 -2.532465915611033580e+01 -2.522837560510735599e+01 -2.513051562790575488e+01 -2.503105258615924811e+01 -2.492995934084816412e+01 -2.482720823947415312e+01 -2.472277110269284606e+01 -2.461661921034589540e+01 -2.450872328685058577e+01 -2.439905348590179912e+01 -2.428757937443737802e+01 -2.417426991581414697e+01 -2.405909345213743933e+01 -2.394201768568279931e+01 -2.382300965934378212e+01 -2.370203573603514613e+01 -2.357906157697586380e+01 -2.345405211877165996e+01 -2.332697154921221738e+01 -2.319778328169393333e+01 -2.306644992817553330e+01 -2.293293327057115505e+01 -2.279719423048397786e+01 -2.265919283718400834e+01 -2.251888819373599659e+01 -2.237623844118940042e+01 -2.223120072075147391e+01 -2.208373113387903075e+01 -2.193378470024423521e+01 -2.178131531355706230e+01 -2.162627569526235050e+01 -2.146861734617500872e+01 -2.130829049617371496e+01 -2.114524405214339353e+01 -2.097942554444164642e+01 -2.081078107226552021e+01 -2.063925524841369352e+01 -2.046479114407727806e+01 -2.028733023444974748e+01 -2.010681234612401624e+01 -1.992317560744129779e+01 -1.973635640317070994e+01 -1.954628933512814726e+01 -1.935290719058364317e+01
-2.462000254403207578e+01 -2.452924091092198466e+01 -2.443699417135794505e+01 -2.434323730019151455e+01 -2.424794480737128666e+01 -2.415109072646943744e+01 -2.405264860273222638e+01 -2.395259148062293875e+01 -2.385089189082343353e+01 -2.374752183665767902e+01 -2.364245277989751060e+01 -2.353565562590794613e+01 -2.342710070808562861e+01 -2.331675777154061535e+01 -2.320459595596764402e+01 -2.309058377764911185e+01 -2.297468911052764540e+01 -2.285687916628208427e+01 -2.273712047333576791e+01 -2.261537885472259291e+01 -2.249161940473118904e+01 -2.236580646424475560e+01 -2.223790359469027678e+01 -2.210787355050889502e+01 -2.197567825005811670e+01 -2.184127874485713505e+01 -2.170463518708935524e+01 -2.156570679528181245e+01 -2.142445181809043220e+01 -2.128082749613366076e+01 -2.113479002183591859e+01 -2.098629449726810847e+01 -2.083529489000545709e+01 -2.068174398706570116e+01 -2.052559334704342575e+01 -2.036679325062157986e+01 -2.020529264971985484e+01 -2.004103911563308316e+01 -1.987397878662294914e+01 -1.970405631555354375e+01 -1.953121481830646999e+01 -1.935539582387498214e+01 -1.917653922721768112e+01 -1.899458324615009275e+01 -1.880946438376403762e+01 -1.862111739808695532e+01 -1.842947528092124898e+01 -1.823446924803032587e+01 -1.803602874305636306e+01 -1.783408145775414511e+01 -1.762855337129474265e+01
-2.329218313398374818e+01 -2.319674139002060897e+01 -2.309973348170560570e+01 -2.300113276585108935e+01 -2.290091208851716686e+01 -2.279904377137682303e+01 -2.269549959745718937e+01 -2.259025079621394383e+01 -2.248326802789267020e+01 -2.237452136712735751e+01 -2.226398028572257104e+01 -2.215161363456210353e+01 -2.203738962458275807e+01 -2.192127580674817722e+01 -2.180323905095361781e+01 -2.168324552378880554e+01 -2.156126066508269901e+01 -2.143724916315111528e+01 -2.131117492866589558e+01 -2.118300106706355379e+01 -2.105268984941162458e+01 -2.092020268165333263e+01 -2.078550007215626039e+01 -2.064854159749856777e+01 -2.050928586643833995e+01 -2.036769048202845056e+01 -2.022371200186178797e+01 -2.007730589646112307e+01 -1.992842650586551656e+01 -1.977702699451196722e+01 -1.962305930456875558e+01 -1.946647410794660260e+01 -1.930722075729710951e+01 -1.914524723640557724e+01 -1.898050011049905450e+01 -1.881292447712009519e+01 -1.864246391836363159e+01 -1.846906045543705943e+01 -1.829265450668243886e+01 -1.811318485039156911e+01 -1.793058859394781734e+01 -1.774480115103781941e+01 -1.755575622888721909e+01 -1.736338582767967509e+01 -1.716762025450973539e+01 -1.696838815438756853e+01 -1.676561656094632369e+01 -1.655923096958765228e+01 -1.634915543582537012e+01 -1.613531270153680452e+01 -1.591762435169273182e+01
-2.197425426320215891e+01 -2.187427415729679581e+01 -2.177264796134998193e+01 -2.166934735958120584e+01 -2.156434347353423675e+01 -2.145760684578403854e+01 -2.134910742283562257e+01 -2.123881453715940282e+01 -2.112669688830370518e+01 -2.101272252302172916e+01 -2.089685881434674286e+01 -2.077907243954619787e+01 -2.065932935688253025e+01 -2.053759478110666947e+01 -2.041383315760868555e+01 -2.028800813515030299e+01 -2.016008253710551656e+01 -2.003001833113945196e+01 -1.989777659726174619e+01 -1.976331749420064199e+01 -1.962660022405774640e+01 -1.948758299522184601e+01 -1.934622298354501169e+01 -1.920247629181552540e+01 -1.905629790760173137e+01 -1.890764165958989906e+01 -1.875646017259828469e+01 -1.860270482152086657e+01 -1.844632568453820554e+01 -1.828727149603053448e+01 -1.812548959974117935e+01 -1.796092590286584567e+01 -1.779352483188662148e+01 -1.762322929112701431e+01 -1.744998062517573700e+01 -1.727371858650919023e+01 -1.709438130983350490e+01 -1.691190529486154048e+01 -1.672622539943343156e+01 -1.653727484507407297e+01 -1.634498523724919750e+01 -1.614928660272374117e+01 -1.595010744653161083e+01 -1.574737483112273573e+01 -1.554101448024880838e+01 -1.533095091007141519e+01 -1.511710758981236680e+01 -1.489940713400500982e+01 -1.467777152803821217e+01 -1.445212238820472450e+01 -1.422238125687047017e+01
-2.066703087756165402e+01 -2.056266498449627278e+01 -2.045657421497560335e+01 -2.034872851418496609e+01 -2.023909720560961034e+01 -2.012764897154232457e+01 -2.001435183257240880e+01 -1.989917312599067145e+01 -1.978207948304338970e+01 -1.966303680496621098e+01 -1.954201023772890267e+01 -1.941896414542233629e+01 -1.929386208222160803e+01 -1.916666676286381232e+01 -1.903734003158613319e+01 -1.890584282948044859e+01 -1.877213516023525486e+01 -1.863617605425500656e+01 -1.849792353117212329e+01 -1.835733456079862691e+01 -1.821436502260412738e+01 -1.806896966385518866e+01 -1.792110205660963373e+01 -1.777071455382876763e+01 -1.761775824495244791e+01 -1.746218291137603273e+01 -1.730393698237699596e+01 -1.714296749216075710e+01 -1.697922003883138942e+01 -1.681263874624200838e+01 -1.664316622984051719e+01 -1.647074356779699400e+01 -1.629531027887625783e+01 -1.611680430869873959e+01 -1.593516202620953770e+01 -1.575031823234320427e+01 -1.556220618302189784e+01 -1.537075762874910723e+01 -1.517590287314945741e+01 -1.497757085284655965e+01 -1.477568924105406012e+01 -1.457018457716849191e+01 -1.436098242448485784e+01 -1.414800755789767983e+01 -1.393118418309243012e+01 -1.371043618827059163e+01 -1.348568742888312499e+01 -1.325686204517541000e+01 -1.302388481157931821e+01 -1.278668151613926440e+01 -1.254517936724947447e+01
-1.937107754847875185e+01 -1.926248511580706690e+01 -1.915209009102301252e+01 -1.903986060090340970e+01 -1.892576408362888429e+01 -1.880976726560062318e+01 -1.869183613703433622e+01 -1.857193592626917322e+01 -1.845003107273237219e+01 -1.832608519850513673e+01 -1.820006107844267262e+01 -1.807192060881213536e+01 -1.794162477442637282e+01 -1.780913361427050745e+01 -1.767440618564278410e+01 -1.753740052686177719e+01 -1.739807361863001134e+01 -1.725638134419033065e+01 -1.711227844846680313e+01 -1.696571849644774943e+01 -1.681665383114543744e+01 -1.666503553155570927e+01 -1.651081337114225533e+01 -1.635393577748418181e+01 -1.619434979385201245e+01 -1.603200104361592082e+01 -1.586683369853884962e+01 -1.569879045216502078e+01 -1.552781249967771515e+01 -1.535383952576554378e+01 -1.517680970219884173e+01 -1.499665969697145051e+01 -1.481332469700049970e+01 -1.462673844649042643e+01 -1.443683330314756752e+01 -1.424354031446878999e+01 -1.404678931631123895e+01 -1.384650905586957492e+01 -1.364262734103295749e+01 -1.343507121785536640e+01 -1.322376717754463193e+01 -1.300864139395012842e+01 -1.278961999200658184e+01 -1.256662934697263978e+01 -1.233959641359526316e+01 -1.210844908354695981e+01 -1.187311656864001463e+01 -1.163352980644551060e+01 -1.138962188406368625e+01 -1.114132847494334833e+01 -1.088858828286964631e+01
-1.808671925754447329e+01 -1.797406224738135450e+01 -1.785952586648703289e+01 -1.774307633191073208e+01 -1.762467909728277959e+01 -1.750429882568398199e+01 -1.738189936116649648e+01 -1.725744369889466867e+01 -1.713089395388788105e+01 -1.700221132836528426e+01 -1.687135607771488210e+01 -1.673828747513823600e+01 -1.660296377505681065e+01 -1.646534217540897060e+01 -1.632537877901757284e+01 -1.618302855426851394e+01 -1.603824529541134325e+01 -1.589098158287422002e+01 -1.574118874407832536e+01 -1.558881681534114172e+01 -1.543381450557370016e+01 -1.527612916260346232e+01 -1.511570674309098372e+01 -1.495249178715274674e+01 -1.478642739895255254e+01 -1.461745523467575758e+01 -1.444551549945043689e+01 -1.427054695492203606e+01 -1.409248693931658458e+01 -1.391127140193515999e+01 -1.372683495410086252e+01 -1.353911093861997372e+01 -1.334803151981199321e+01 -1.315352779609918521e+01 -1.295552993701615918e+01 -1.275396734629449824e+01 -1.254876885239016637e+01 -1.233986292744639357e+01 -1.212717793521991005e+01 -1.191064240794451123e+01 -1.169018535146795301e+01 -1.146573657728640327e+01 -1.123722705932956600e+01 -1.100458931254039108e+01 -1.076775778947133944e+01 -1.052666929031626353e+01 -1.028126338104773296e+01 -1.003148281367293038e+01 -9.777273942097062687e+00 -9.518587126730622572e+00 -9.255377120832335436e+00
-1.681405672324252265e+01 -1.669749614762724477e+01 -1.657898017957720782e+01 -1.645847302769253062e+01 -1.633593805576742852e+01 -1.621133775198856597e+01 -1.608463369685707889e+01 -1.595578652988003832e+01 -1.582475591510850421e+01 -1.569150050563757759e+01 -1.555597790722971396e+01 -1.541814464127669915e+01 -1.527795610737879528e+01 -1.513536654589274733e+01 -1.499032900088332632e+01 -1.484279528400689152e+01 -1.469271593995942915e+01 -1.454004021423588533e+01 -1.438471602407064509e+01 -1.422668993356012024e+01 -1.406590713410499660e+01 -1.390231143144895931e+01 -1.373584524072910895e+01 -1.356644959108624349e+01 -1.339406414150538360e+01 -1.321862720966165128e+01 -1.304007581562724738e+01 -1.285834574234374372e+01 -1.267337161477130003e+01 -1.248508699958530599e+01 -1.229342452719110135e+01 -1.209831603766217789e+01 -1.189969275196857978e+01 -1.169748546954488688e+01 -1.149162479284795424e+01 -1.128204137907248494e+01 -1.106866621863124500e+01 -1.085143093937281300e+01 -1.063026813481484645e+01 -1.040511171393208301e+01 -1.017589726927628746e+01 -9.942562459447161771e+00 -9.705047401209114355e+00 -9.463295065892754820e+00 -9.217251674168119635e+00 -8.966867082865887184e+00 -8.712095157288009872e+00 -8.452894122422231149e+00 -8.189226886681952422e+00 -7.921061332250619813e+00 -7.648370566827152217e+00
-1.555298525121550668e+01 -1.543267790391385219e+01 -1.531033970332903493e+01 -1.518593275340423077e+01 -1.505941822898311067e+01 -1.493075634253493433e+01 -1.479990631003378176e+01 -1.466682631617790555e+01 -1.453147347919080801e+01 -1.439380381550951427e+01 -1.425377220473901652e+01 -1.411133235533449870e+01 -1.396643677156514940e+01 -1.381903672241499414e+01 -1.366908221318616867e+01 -1.351652196068777734e+01 -1.336130337301697324e+01 -1.320337253506578179e+01 -1.304267420101499297e+01 -1.287915179520046394e+01 -1.271274742285404358e+01 -1.254340189232440217e+01 -1.237105475046731229e+01 -1.219564433295266603e+01 -1.201710783125993132e+01 -1.183538137811670055e+01 -1.165040015306862919e+01 -1.146209850974624445e+01 -1.127041012620674643e+01 -1.107526817947270992e+01 -1.087660554505888655e+01 -1.067435502187210261e+01 -1.046844958238822620e+01 -1.025882264745827221e+01 -1.004540838448174966e+01 -9.828142027021142368e+00 -9.606960213234344792e+00 -9.381801339792826155e+00 -9.152605927258644414e+00 -8.919316992241364872e+00 -8.681880421079345211e+00 -8.440245339321529983e+00 -8.194364470959644819e+00 -7.944194481207657255e+00 -7.689696296673355747e+00 -7.430835397038104695e+00 -7.167582072868178500e+00 -6.899911644929743737e+00 -6.627804641361846549e+00 -6.351246930259067724e+00 -6.070229806596055155e+00
-1.430321621423773593e+01 -1.417931191288045767e+01 -1.405330169109625160e+01 -1.392514547140520698e+01 -1.379480216683319505e+01 -1.366222964768142134e+01 -1.352738470840861673e+01 -1.339022303501957722e+01 -1.325069917343433268e+01 -1.310876649940118455e+01 -1.296437719061407634e+01 -1.281748220179918007e+01 -1.266803124364620103e+01 -1.251597276657466296e+01 -1.236125395044236086e+01 -1.220382070141866571e+01 -1.204361765735642464e+01 -1.188058820309755959e+01 -1.171467449723472853e+01 -1.154581751191806305e+01 -1.137395708733632382e+01 -1.119903200250814024e+01 -1.102098006398517249e+01 -1.083973821398689097e+01 -1.065524265935063752e+01 -1.046742902248373497e+01 -1.027623251524243564e+01 -1.008158813633191819e+01 -9.883430892421841918e+00 -9.681696042704384553e+00 -9.476319366091482621e+00 -9.267237449663735305e+00 -9.054387996357357693e+00 -8.837710149224292877e+00 -8.617144828944828916e+00 -8.392635080635550082e+00 -8.164126425406070808e+00 -7.931567211604839684e+00 -7.694908960288269206e+00 -7.454106699179043005e+00 -7.209119279276379189e+00 -6.959909668368764457e+00 -6.706445215996317266e+00 -6.448697884927570456e+00 -6.186644444956517219e+00 -5.920266625782598879e+00 -5.649551226890283218e+00 -5.374490183666261522e+00 -5.095080590440089985e+00 -4.811324682657703633e+00 -4.523229781938275629e+00
-1.306430043020001364e+01 -1.293693989664502908e+01 -1.280739869088009186e+01 -1.267563452135852309e+01 -1.254160402100013272e+01 -1.240526271811446080e+01 -1.226656500904695690e+01 -1.212546413319904381e+01 -1.198191215117089747e+01 -1.183585992687850563e+01 -1.168725711460252015e+01 -1.153605215203276124e+01 -1.138219226047676891e+01 -1.122562345349930446e+01 -1.106629055534812522e+01 -1.090413723059502793e+01 -1.073910602647442403e+01 -1.057113842942874804e+01 -1.040017493736441523e+01 -1.022615514907771228e+01 -1.004901787222019571e+01 -9.868701251032254262e+00 -9.685142914876088582e+00 -9.498280148341681439e+00 -9.308050083378448747e+00 -9.114389913521529607e+00 -8.917237129836543374e+00 -8.716529777705616766e+00 -8.512206733028675032e+00 -8.304207995829813171e+00 -8.092474998653615970e+00 -7.876950926530961183e+00 -7.657581044709487195e+00 -7.434313029806338236e+00 -7.207097299576828320e+00 -6.975887336130268679e+00 -6.740639997191234301e+00 -6.501315809926343725e+00 -6.257879241955661698e+00 -6.010298944461283988e+00 -5.758547962803595155e+00 -5.502603910760781147e+00 -5.242449105412508636e+00 -4.978070660777071943e+00 -4.709460539556044267e+00 -4.436615563704611631e+00 -4.159537385983208324e+00 -3.878232426103227493e+00 -3.592711776497865550e+00 -3.302991084065300065e+00 -3.009090415383490758e+00
-1.183565288150875006e+01 -1.170496639889646318e+01 -1.157202489034464321e+01 -1.143678389327217992e+01 -1.129919783178930537e+01 -1.115921999746100823e+01 -1.101680253406598808e+01 -1.087189642726391803e+01 -1.072445150018040572e+01 -1.057441641601313265e+01 -1.042173868885015509e+01 -1.026636470396886480e+01 -1.010823974894683452e+01 -9.947308056958870992e+00 -9.783512863652518377e+00 -9.616796478981479268e+00 -9.447100375327027066e+00 -9.274365293145937272e+00 -9.098531365244362235e+00 -8.919538260585918366e+00 -8.737325348295790661e+00 -8.551831882218527525e+00 -8.362997206025609032e+00 -8.170760978452060286e+00 -7.975063417773819552e+00 -7.775845564127623177e+00 -7.573049557733487092e+00 -7.366618930520653308e+00 -7.156498908099281131e+00 -6.942636718481528746e+00 -6.724981903461038968e+00 -6.503486628132922220e+00 -6.278105983703170523e+00 -6.048798278521805294e+00 -5.815525312201602404e+00 -5.578252627774633154e+00 -5.336949737107493874e+00 -5.091590315253917254e+00 -4.842152360072383033e+00 -4.588618314272001619e+00 -4.330975148057342849e+00 -4.069214401699091432e+00 -3.803332188629996224e+00 -3.533329161013467612e+00 -3.259210441107977196e+00 -2.980985523100405654e+00 -2.698668151348944111e+00 -2.412276182103397115e+00 -2.121831436700957418e+00 -1.827359554916914597e+00 -1.528889857536282815e+00
-1.061657838514081220e+01 -1.048268537019800917e+01 -1.034646369520111087e+01 -1.020786688072793602e+01 -1.006684734074358367e+01 -9.923356380041882474e+00 -9.777344198458711944e+00 -9.628759902967695794e+00 -9.477551528837027561e+00 -9.323666071080303652e+00 -9.167049527469954384e+00 -9.007646954393953465e+00 -8.845402536820028416e+00 -8.680259673581513624e+00 -8.512161079109802131e+00 -8.341048902605972870e+00 -8.166864865463816514e+00 -7.989550417526142034e+00 -7.809046912472919821e+00 -7.625295802304819404e+00 -7.438238850499994115e+00 -7.247818362990642527e+00 -7.053977435635593096e+00 -6.856660216366103455e+00 -6.655812179666765971e+00 -6.451380410537886689e+00 -6.243313894587918966e+00 -6.031563810445568663e+00 -5.816083820282541339e+00 -5.596830353923538226e+00 -5.373762881812024439e+00 -5.146844172020782260e+00 -4.916040526563977053e+00 -4.681321992498066464e+00 -4.442662543702081024e+00 -4.200040229808055692e+00 -3.953437289506112506e+00 -3.702840226364847886e+00 -3.448239846366991657e+00 -3.189631257535066045e+00 -2.927013833276767674e+00 -2.660391142373232043e+00 -2.389770849817153042e+00 -2.115164593931415649e+00 -1.836587846308839644e+00 -1.554059762057538041e+00 -1.267603028564876944e+00 -9.772437214607185840e-01 -6.830111766312865207e-01 -3.849378869799870984e-01 -8.305943213499344946e-02
-9.406297962722497630e+00 -9.269307575667122379e+00 -9.129916247601117973e+00 -8.988075782086164978e+00 -8.843736943596480771e+00 -8.696849478753211571e+00 -8.547362147261379661e+00 -8.395222763716109426e+00 -8.240378251453870817e+00 -8.082774709606795227e+00 -7.922357494470171346e+00 -7.759071316209630531e+00 -7.592860351811456354e+00 -7.423668375013504850e+00 -7.251438903742033482e+00 -7.076115365320427841e+00 -6.897641279408985859e+00 -6.715960458282152601e+00 -6.531017223655119608e+00 -6.342756638841176908e+00 -6.151124754563991104e+00 -5.956068866275492368e+00 -5.757537780354857304e+00 -5.555482086103213035e+00 -5.349854430020286600e+00 -5.140609788473381236e+00 -4.927705734566572460e+00 -4.711102694809456537e+00 -4.490764191090488744e+00 -4.266657063497199864e+00 -4.038751669709974124e+00 -3.807022057037178886e+00 -3.571446103663358240e+00 -3.332005626347165794e+00 -3.088686452624305190e+00 -2.841478456527539720e+00 -2.590375557907910853e+00 -2.335375686599665546e+00 -2.076480713878802398e+00 -1.813696354881128237e+00 -1.547032046823606066e+00 -1.276500808965545186e+00 -1.002119091204414891e+00 -7.239066189787322081e-01 -4.418862427031542417e-01 -1.560838002520388845e-01 1.334719989941670626e-01 4.267496603402063382e-01 7.237149526439581315e-01 1.024330913260560472e+00 1.328557803730293640e+00
-8.203975764474968457e+00 -8.063988643218797492e+00 -7.921530654536931060e+00 -7.776552357537097393e+00 -7.629003414196544597e+00 -7.478832640541562604e+00 -7.325988070105465155e+00 -7.170417030681164761e+00 -7.012066235308390461e+00 -6.850881888323668178e+00 -6.686809807150691398e+00 -6.519795560316672400e+00 -6.349784621945497420e+00 -6.176722542700594509e+00 -6.000555136830883818e+00 -5.821228684615251225e+00 -5.638690149109523375e+00 -5.452887405682995237e+00 -5.263769482398270583e+00 -5.071286808851094285e+00 -4.875391470659888427e+00 -4.676037466394200592e+00 -4.473180963374700170e+00 -4.266780548483389168e+00 -4.056797469910403464e+00 -3.843195865650996801e+00 -3.625942974570225630e+00 -3.405009325987679247e+00 -3.180368904010977271e+00 -2.951999283271404373e+00 -2.719881733288728842e+00 -2.484001289410509461e+00 -2.244346789122261931e+00 -2.000910873491392294e+00 -1.753689954565038400e+00 -1.502684150659369111e+00 -1.247897192620442297e+00 -9.893363052632188070e-01 -7.270120692642823013e-01 -4.609382697498185522e-01 -1.911317386404746688e-01 8.238780155333877420e-02 3.595978843857680074e-01 6.404734283308257670e-01 9.249868397233815820e-01 1.213108082102031027e+00 1.504804705004836540e+00 1.800041826302202885e+00 2.098782063465569614e+00 2.400985410737265013e+00 2.706609060945710965e+00
-7.008746464269046683e+00 -6.865857614225133965e+00 -6.720431719903831258e+00 -6.572418754273320118e+00 -6.421768017213381086e+00 -6.268428220428380548e+00 -6.112347586275463485e+00 -5.953473961136083403e+00 -5.791754943787251975e+00 -5.627138029018522225e+00 -5.459570766491431471e+00 -5.289000934551055799e+00 -5.115376728376725524e+00 -4.938646961505297028e+00 -4.758761279382319742e+00 -4.575670383201313030e+00 -4.389326261890808212e+00 -4.199682429713911702e+00 -4.006694166570855309e+00 -3.810318757756337327e+00 -3.610515729637231441e+00 -3.407247077499338417e+00 -3.200477481680708891e+00 -2.990174508079985305e+00 -2.776308789214307904e+00 -2.558854182213909034e+00 -2.337787900487065418e+00 -2.113090616272534028e+00 -1.884746531914662349e+00 -1.652743418441781076e+00 -1.417072620887642298e+00 -1.177729030748884131e+00 -9.347110269946788952e-01 -6.880203881066082605e-01 -4.376621786941758963e-01 -1.836446152658061659e-01 7.402108330283178883e-02 3.353208542116460356e-01 6.002379510013118313e-01 8.687530980431028560e-01 1.140844631368995055e+00 1.416488617918956416e+00 1.695658945513167870e+00 1.978327376368363977e+00 2.264463557771962954e+00 2.554034984598357205e+00 2.847006909679627107e+00 3.143342199599481024e+00 3.443001135224697418e+00 3.745941158172489516e+00 4.052116566377517159e+00
-5.819743061371760007e+00 -5.674045859094979605e+00 -5.525750958620296416e+00 -5.374808583902065173e+00 -5.221168590785781660e+00 -5.064780585802896695e+00 -4.905594059042552857e+00 -4.743558531124573818e+00 -4.578623714041861525e+00 -4.410739685351511952e+00 -4.239857074876489662e+00 -4.065927262738268766e+00 -3.888902587182700987e+00 -3.708736560295324836e+00 -3.525384089338591931e+00 -3.338801701094650021e+00 -3.148947766276518401e+00 -2.955782720792532459e+00 -2.759269280428929605e+00 -2.559372645368369170e+00 -2.356060690902676669e+00 -2.149304140739431546e+00 -1.939076719454638997e+00 -1.725355280916600620e+00 -1.508119909902953859e+00 -1.287353994654405476e+00 -1.063044268750577892e+00 -8.351808214458077417e-01 -6.037570764511545063e-01 -3.687697400733083719e-01 -1.302187205971500616e-01 1.118929782031079928e-01 3.575593855507871455e-01 6.067717093349320745e-01 8.595184932807876654e-01 1.115785779199244487e+00 1.375557267300340447e+00 1.638814467149612986e+00 1.905536831654095486e+00 2.175701866509774263e+00 2.449285207841401579e+00 2.726260661327657875e+00 3.006600196930558244e+00 3.290273894428572543e+00 3.577249836270394834e+00 3.867493945791785848e+00 4.160969770533698764e+00 4.457638212218935081e+00 4.757457206830969731e+00 5.060381360130836725e+00 5.366361545778702613e+00
-4.636124993152695772e+00 -4.487716174975304284e+00 -4.336656615522739955e+00 -4.182897774983878492e+00 -4.026391119543575314e+00 -3.867088269723905292e+00 -3.704941161136333427e+00 -3.539902216928079604e+00 -3.371924530899492289e+00 -3.200962059945822169e+00 -3.026969824144061683e+00 -2.849904112472009921e+00 -2.669722691823021243e+00 -2.486385016677629345e+00 -2.299852436525279931e+00 -2.110088397908649771e+00 -1.917058637803891852e+00 -1.720731364964987353e+00 -1.521077425862130905e+00 -1.318070451943358368e+00 -1.111686985153892637e+00 -9.019065789645407394e-01 -6.887118725914995743e-01 -4.720886366326909056e-01 -2.520257889948325225e-01 -2.851538072983967123e-02 1.984474477766330347e-01 4.288645389366370075e-01 6.627348161624095901e-01 9.000544049602919872e-01 1.140816772826876546e+00 1.385012883001884854e+00 1.632631356361641251e+00 1.883658635085776245e+00 2.138079141228247604e+00 2.395875423001752047e+00 2.657028281466530473e+00 2.921516870420393097e+00 3.189318762631674353e+00 3.460409976146284095e+00 3.734764955235243544e+00 4.012356501619747995e+00 4.293155652899570462e+00 4.577131506590943033e+00 4.864250989815211312e+00 5.154478576426307690e+00 5.447775955170887308e+00 5.744101654281684510e+00 6.043410629650239230e+00 6.345653825343411825e+00 6.650777716655301930e+00
-3.457106377207170400e+00 -3.306091788072013760e+00 -3.152383313236714724e+00 -2.995934727317359325e+00 -2.836700231336262146e+00 -2.674634621631847509e+00 -2.509693467627756469e+00 -2.341833296989871194e+00 -2.171011786395839582e+00 -1.997187955842947726e+00 -1.820322364137619831e+00 -1.640377302953267336e+00 -1.457316986625720956e+00 -1.271107734687760171e+00 -1.081718144039589991e+00 -8.891192476208249484e-01 -6.932846565027356300e-01 -4.941906824653242158e-01 -2.918164383689770824e-01 -8.614391397814240292e-02 1.228419746542092766e-01 3.351533635820693746e-01 5.507994478385889181e-01 7.697865167571023015e-01 9.921180169218475342e-01 1.217794641090968133e+00 1.446814440571849492e+00 1.679172957666928090e+00 1.914863373975219218e+00 2.153876669559728452e+00 2.396201787303599673e+00 2.641825796208015831e+00 2.890734046959728243e+00 3.142910312842270404e+00 3.398336909003553785e+00 3.656994783241549030e+00 3.918863571841624260e+00 4.183921614599092287e+00 4.452145923988158671e+00 4.723512104484241192e+00 4.997994219294824347e+00 5.275564603178231060e+00 5.556193621597865118e+00 5.839849378129670754e+00 6.126497373764920873e+00 6.416100123474830497e+00 6.708616737068979319e+00 7.004002472925670020e+00 7.302208274537612454e+00 7.603180300942746328e+00 7.906859462944445305e+00
-2.281984058777802193e+00 -2.128484838414516744e+00 -1.972260812579524680e+00 -1.813269164674932821e+00 -1.651467938865531337e+00 -1.486816216597586449e+00 -1.319274296830121873e+00 -1.148803877884090552e+00 -9.753682385727159287e-01 -7.989324160639671435e-01 -6.194633777555038634e-01 -4.369301843233722171e-01 -2.513041410485227223e-01 -6.255893454055712344e-02 1.293292479266832384e-01 3.243816190709124525e-01 5.226167145772825373e-01 7.240503403558672391e-01 9.286955455818923788e-01 1.136562622471545048e+00 1.347659133117713681e+00 1.561989963012111682e+00 1.779557400129021083e+00 2.000361237657874547e+00 2.224398897669664255e+00 2.451665572208168609e+00 2.682154377536926759e+00 2.915856516573409163e+00 3.152761443929247953e+00 3.392857027476672283e+00 3.636129700000743536e+00 3.882564594298011151e+00 4.132145655063719225e+00 4.384855721087866698e+00 4.640676571665302674e+00 4.899588931722437479e+00 5.161572430970990055e+00 5.426605513410232895e+00 5.694665294697123237e+00 5.965727366266175835e+00 6.239765546577119792e+00 6.516751581460131781e+00 6.796654797171840734e+00 7.079441711419321770e+00 7.365075609200212092e+00 7.653516091787244235e+00 7.944718608497573165e+00 8.238633981976569487e+00 8.535207938540928296e+00 8.834380655624794798e+00 9.136086338522121153e+00
-1.110164944616589544e+00 -9.543237371069512864e-01 -7.957411948845533045e-01 -6.343789288624881451e-01 -4.701998203717788205e-01 -3.031681897941935211e-01 -1.332499627843392320e-01 3.958716837298645319e-02 2.153735908518631392e-01 3.941376274784578193e-01 5.759054057009608263e-01 7.607007419551639060e-01 9.485450439154073932e-01 1.139457232910242368e+00 1.333453688488636324e+00 1.530548216744072931e+00 1.730752043543715590e+00 1.934073833271793497e+00 2.140519733089933485e+00 2.350093442052352710e+00 2.562796303705513701e+00 2.778627420066836606e+00 2.997583784134683516e+00 3.219660427353638887e+00 3.444850577767930577e+00 3.673145823965667134e+00 3.904536279371227270e+00 4.139010741006474703e+00 4.376556836535349326e+00 4.617161153251688077e+00 4.860809342683553247e+00 5.107486194683543701e+00 5.357175675262651815e+00 5.609860923009758693e+00 5.865524199719357235e+00 6.124146791818123603e+00 6.385708860324106340e+00 6.650189238368225730e+00 6.917565176729663534e+00 7.187812039349489091e+00 7.460902952349779405e+00 7.736808411651789896e+00 8.015495855806435088e+00 8.296929212069313664e+00 8.581068425017683410e+00 8.867868978065104102e+00 9.157281419032942793e+00 9.449250901445211070e+00 9.743716753391058916e+00 1.004061208562763596e+01 1.033986345006621477e+01
5.880812678581742725e-02 2.168214265721085943e-01 3.775764120027162996e-01 5.411061986562781811e-01 7.074422870229721827e-01 8.766144177583895525e-01 1.048650435598442288e+00 1.223576164396842136e+00 1.401415295725738419e+00 1.582189293394498097e+00 1.765917316085347633e+00 1.952616160074614138e+00 2.142300223702272355e+00 2.334981494871221308e+00 2.530669562403817352e+00 2.729371651562364054e+00 2.931092683460171600e+00 3.135835357461989048e+00 3.343600255009589794e+00 3.554385962626312789e+00 3.768189211171070863e+00 3.985005027746811201e+00 4.204826896042010098e+00 4.427646920316927748e+00 4.653455987761619284e+00 4.882243923570049660e+00 5.113999632814977048e+00 5.348711223088830735e+00 5.586366101913126769e+00 5.826951043124704910e+00 6.070452216830799941e+00 6.316855178090374778e+00 6.566144810225873485e+00 6.818305219591056954e+00 7.073319579704584470e+00 7.331169923886911022e+00 7.591836886884624214e+00 7.855299397400067107e+00 8.121534324927729642e+00 8.390516085789625933e+00 8.662216214712564977e+00 8.936602909652066273e+00 9.213640558788627644e+00 9.493289259654032364e+00 9.775504341141168396e+00 1.006023589967019660e+01 1.034742836099498398e+01 1.063702007901423663e+01 1.092894298249203899e+01 1.122312227979628929e+01 1.151947623064843107e+01
1.225232967127017902e+00 1.385216457292714143e+00 1.547924611286486396e+00 1.713384688562087588e+00 1.881622090355051791e+00 2.052660253058565143e+00 2.226520555711292815e+00 2.403222243690095183e+00 2.582782370524110860e+00 2.765215759503165227e+00 2.950534986441695207e+00 3.138750384580939468e+00 3.329870072170427076e+00 3.523900002769885020e+00 3.720844037763248124e+00 3.920704039987247036e+00 4.123479986760352212e+00 4.329170099968521868e+00 4.537770990237791402e+00 4.749277811618132006e+00 4.963684422636298166e+00 5.180983549067395444e+00 5.401166943343692850e+00 5.624225535184791624e+00 5.850149567812525930e+00 6.078928714023580149e+00 6.310552166446772304e+00 6.545008696522055303e+00 6.782286677111710738e+00 7.022374064196457155e+00 7.265258333818556125e+00 7.510926371306297256e+00 7.759364310837902678e+00 8.010557324561885295e+00 8.264489361762253239e+00 8.521142839912712930e+00 8.780498290869683586e+00 9.042533966870511364e+00 9.307225412387779784e+00 9.574545009196061329e+00 9.844461503187579510e+00 1.011693952247964212e+01 1.039193909714684061e+01 1.066941519144404538e+01 1.094931725963142988e+01 1.123158883644663142e+01 1.151616717288061054e+01 1.180298292720327069e+01 1.209195992016664789e+01 1.238301496201462015e+01 1.267605775738767804e+01
2.389228264521561229e+00 2.550944792117107340e+00 2.715351174731276629e+00 2.882468568568512080e+00 3.052316157660602158e+00 3.224911095728661969e+00 3.400268465975418763e+00 3.578401260201511391e+00 3.759320378327288381e+00 3.943034649031069705e+00 4.129550871788800315e+00 4.318873880125082110e+00 4.511006625368491285e+00 4.705950279654469881e+00 4.903704356349400051e+00 5.104266845490536220e+00 5.307634361265468392e+00 5.513802298004901736e+00 5.722764990652096984e+00 5.934515875217277525e+00 6.149047644343136554e+00 6.366352392815116445e+00 6.586421747662972948e+00 6.809246977433297765e+00 7.034819075278761602e+00 7.263128810719118533e+00 7.494166745289644105e+00 7.727923207808170325e+00 7.964388225662570875e+00 8.203551409342473733e+00 8.445401788402072896e+00 8.689927598131580666e+00 8.937116017412133573e+00 9.186952859508023650e+00 9.439422218879466087e+00 9.694506078443566821e+00 9.952183883029983136e+00 1.021243208602943220e+01 1.047522367737165894e+01 1.074052770195199713e+01 1.100830877840886757e+01 1.127852662870122202e+01 1.155113562921289017e+01 1.182608439409705881e+01 1.210331540125507210e+01 1.238276467071806053e+01 1.266436150427757745e+01 1.294802829401564814e+01 1.323368040595009454e+01 1.352122614338300366e+01 1.381056679277244470e+01
3.550718764900921087e+00 3.713894654719663180e+00 3.879708302467533176e+00 4.048174892471521069e+00 4.219307666696763270e+00 4.393117920024333323e+00 4.569615015054394824e+00 4.748806416899376437e+00 4.930697748025248295e+00 5.115292862750576930e+00 5.302593940529964023e+00 5.492601596639032024e+00 5.685315008353782673e+00 5.880732054188043456e+00 6.078849463233329864e+00 6.279662971148733064e+00 6.483167478889402702e+00 6.689357209856019892e+00 6.898225860809511722e+00 7.109766741639782950e+00 7.323972898919373087e+00 7.540837218125032493e+00 7.760352499484683975e+00 7.982511502613228060e+00 8.207306955445467622e+00 8.434731523462309255e+00 8.664777735837674300e+00 8.897437865905096999e+00 9.132703764246755895e+00 9.370566643730992240e+00 9.611016816949559782e+00 9.854043387709968016e+00 1.009963389949341561e+01 1.034777394506214598e+01 1.059844674265549713e+01 1.085163268541109183e+01 1.110730887174570469e+01 1.136544862538710277e+01 1.162602101452387693e+01 1.188899038009762421e+01 1.215431588357061088e+01 1.242195108453694985e+01 1.269184355829338529e+01 1.296393456294130608e+01 1.323815876476295728e+01 1.351444402952018109e+01 1.379271128599415697e+01 1.407287446655995922e+01 1.435484052791934673e+01 1.463850955335521498e+01 1.492377493608070438e+01
4.709426704019763044e+00 4.873752798485446291e+00 5.040648734054448354e+00 5.210124239724357231e+00 5.382187274921461650e+00 5.556844076932927479e+00 5.734099226977741104e+00 5.913955734354637173e+00 6.096415137656285843e+00 6.281477621569910852e+00 6.469142147303845292e+00 6.659406594198301832e+00 6.852267909608019458e+00 7.047722263697183465e+00 7.245765205375668927e+00 7.446391815243972090e+00 7.649596851115642693e+00 7.855374881463607295e+00 8.063720402004053156e+00 8.274627930599203651e+00 8.488092075740564013e+00 8.704107574074482656e+00 8.922669292759993098e+00 9.143772192908505403e+00 9.367411250947020207e+00 9.593581335469098192e+00 9.822277037983248249e+00 1.005349245692701388e+01 1.028722093536999616e+01 1.052345475396068863e+01 1.076218478185484706e+01 1.100340008956751703e+01 1.124708752888329144e+01 1.149323128610320310e+01 1.174181241596329883e+01 1.199280836448999565e+01 1.224619248982278563e+01 1.250193359060057219e+01 1.275999545184250472e+01 1.302033641833484623e+01 1.328290900534488372e+01 1.354765955601615346e+01 1.381452795405975031e+01 1.408344739936002021e+01 1.435434425288544880e+01 1.462713795587295529e+01 1.490174102668133216e+01 1.517805913703778842e+01 1.545599126768672349e+01 1.573542994174870913e+01 1.601626153246622408e+01
5.864870598944760260e+00 6.030005768686223178e+00 6.197629448323414003e+00 6.367746781067001649e+00 6.540361440009359484e+00 6.715475720398900172e+00 6.893090647276681970e+00 7.073206096923803088e+00 7.255820930130180813e+00 7.440933134859026410e+00 7.628539975456900990e+00 7.818638145157525976e+00 8.011223918260460763e+00 8.206293298044148088e+00 8.403842156210359349e+00 8.603866359463763658e+00 8.806361878719366487e+00 9.011324876411375584e+00 9.218751767460544144e+00 9.428639249650508702e+00 9.640984299474382624e+00 9.855784129944275662e+00 1.007303610741070266e+01 1.029273762511336798e+01 1.051488593197479204e+01 1.073947791604405566e+01 1.096650984298563181e+01 1.119597705106998475e+01 1.142787360523551499e+01 1.166219191392859855e+01 1.189892231355941021e+01 1.213805262650167371e+01 1.237956769957930447e+01 1.262344893088436493e+01 1.286967379352366336e+01 1.311821536546092126e+01 1.336904187497866836e+01 1.362211627140408865e+01 1.387739583060961301e+01 1.413483180440406528e+01 1.439436912227523635e+01 1.465594615304187087e+01 1.491949453284468596e+01 1.518493906458368059e+01 1.545219769243318098e+01 1.572118155348415414e+01 1.599179510692611927e+01 1.626393633954349127e+01 1.653749704471583470e+01 1.681236317062917962e+01 1.708841523207156143e+01
7.016372137043412671e+00 7.181949201751859135e+00 7.349923246843570013e+00 7.520295983900638248e+00 7.693068050628870225e+00 7.868239135560218145e+00 8.045808112841507764e+00 8.225773184718461195e+00 8.408132028942437941e+00 8.592881947968283640e+00 8.780020016484368028e+00 8.969543223531498910e+00 9.161448605236785170e+00 9.355733364021148191e+00 9.552394970047279443e+00 9.751431240666239120e+00 9.952840393706082978e+00 1.015662107063187136e+01 1.036277232589923969e+01 1.057129357922826784e+01 1.078218452804144967e+01 1.099544501793872264e+01 1.121107486981923884e+01 1.142907366309521322e+01 1.164944047536700822e+01 1.187217357992266642e+01 1.209727010347115161e+01 1.232472564759001443e+01 1.255453387843929036e+01 1.278668609033076464e+01 1.302117074971402033e+01 1.325797302701210967e+01 1.349707432447679878e+01 1.373845180880364936e+01 1.398207795762144201e+01 1.422792012912535498e+01 1.447594016404058870e+01 1.472609402877419882e+01 1.497833150803670677e+01 1.523259595440078940e+01 1.548882410123082032e+01 1.574694594419191418e+01 1.600688469516693146e+01 1.626855681091710437e+01 1.653187209726512918e+01 1.679673388800818756e+01 1.706303929623443594e+01 1.733067953426732544e+01 1.759954029714310408e+01 1.786950220337501349e+01 1.814044128580353998e+01
8.163071364092406412e+00 8.328705126329005282e+00 8.496637957700585275e+00 8.666869479797286502e+00 8.839398693605161839e+00 9.014224120649480199e+00 9.191343947542868875e+00 9.370756170936143548e+00 9.552458739578904456e+00 9.736449689946278241e+00 9.922727271685650052e+00 1.011129005899349842e+01 1.030213704395625207e+01 1.049526770788972208e+01 1.069068206679713029e+01 1.088838068724327357e+01 1.108836466921833086e+01 1.129063559294250396e+01 1.149519542704481800e+01 1.170204639613542241e+01 1.191119080647627548e+01 1.212263082923455926e+01 1.233636824166509705e+01 1.255240412749863310e+01 1.277073853879352860e+01 1.299137012251753731e+01 1.321429571613793996e+01 1.343950991748380730e+01 1.366700463507325658e+01 1.389676862593809759e+01 1.412878702869739911e+01 1.436304090019814339e+01 1.459950676442839779e+01 1.483815618259190394e+01 1.507895535319554270e+01 1.532186475073180887e+01 1.556683881103478839e+01 1.581382567065713118e+01 1.606276696667182335e+01 1.631359770217119731e+01 1.656624618144851979e+01 1.682063401744367681e+01 1.707667621255832202e+01 1.733428131244388481e+01 1.759335163088703169e+01 1.785378354250694244e+01 1.811546783868109145e+01 1.837829014096829283e+01 1.864213136532989523e+01 1.890686822968519110e+01 1.917237379678830322e+01
9.303949723614579170e+00 9.469246594565028374e+00 9.636742384494848324e+00 9.806436039146881001e+00 9.978326348982168525e+00 1.015241208901567838e+01 1.032869215465846935e+01 1.050716569022239355e+01 1.068783220656667687e+01 1.087069168424235599e+01 1.105574465842802212e+01 1.124299228195839895e+01 1.143243636283175668e+01 1.162407937275162517e+01 1.181792442351679462e+01 1.201397520842635558e+01 1.221223590631526079e+01 1.241271104638065026e+01 1.261540533259716668e+01 1.282032342724501106e+01 1.302746969387838405e+01 1.323684790093152941e+01 1.344846088807834583e+01 1.366231019841016447e+01 1.387839568045025374e+01 1.409671506495816118e+01 1.431726352236216471e+01 1.454003320746528161e+01 1.476501279876805839e+01 1.499218704031163085e+01 1.522153629433967303e+01 1.545303611328509952e+01 1.568665683958878887e+01 1.592236324164200312e+01 1.616011419370680358e+01 1.639986240701490772e+01 1.664155421838680837e+01 1.688512944167082708e+01 1.713052128610533487e+01 1.737765634439062978e+01 1.762645465186218630e+01 1.787682981672606886e+01 1.812868921989711524e+01 1.838193428161395104e+01 1.863646079073500417e+01 1.889215929148194562e+01 1.914891552142339037e+01 1.940661089370501458e+01 1.966512301594740819e+01 1.992432623785807522e+01 2.018409221943665699e+01
1.043785981684513864e+01 1.060242833323001221e+01 1.076909753879131770e+01 1.093786706987465607e+01 1.110873683959091984e+01 1.128170715864517248e+01 1.145677884474338448e+01 1.163395331717199177e+01 1.181323267309483782e+01 1.199461974212557536e+01 1.217811811581685610e+01 1.236373214886799943e+01 1.255146692909527850e+01 1.274132821353748568e+01 1.293332232848671559e+01 1.312745603174028375e+01 1.332373633596267481e+01 1.352217029272129523e+01 1.372276473750867254e+01 1.392552599687547676e+01 1.413045955965863598e+01 1.433756971517874135e+01 1.454685916218003428e+01 1.475832859316970236e+01 1.497197625965564072e+01 1.518779752455455778e+01 1.540578440871763100e+01 1.562592513907096681e+01 1.584820370626728447e+01 1.607259943997119223e+01 1.629908660993526937e+01 1.652763406085569287e+01 1.675820488861958424e+01 1.699075616497320595e+01 1.722523871686126995e+01 1.746159696573053210e+01 1.769976883098109965e+01 1.793968570051813671e+01 1.818127247004196789e+01 1.842444765135644147e+01 1.866912354861615597e+01 1.891520650011483795e+01 1.916259718197978401e+01 1.941119096901679342e+01 1.966087834697722059e+01 1.991154536971754752e+01 2.016307415410861026e+01 2.041534340513598167e+01 2.066822896341464855e+01 2.092160436731589002e+01 2.117534142205798986e+01
1.156356013101152946e+01 1.172702155180472516e+01 1.189249121495675965e+01 1.205997065310341299e+01 1.222946203315840741e+01 1.240096824207766524e+01 1.257449295436245862e+01 1.275004067810508168e+01 1.292761677646200269e+01 1.310722746159093610e+01 1.328887975831485235e+01 1.347258143508159023e+01 1.365834090017531466e+01 1.384616706160560895e+01 1.403606914965075170e+01 1.422805650165858538e+01 1.442213830940591635e+01 1.461832333007386531e+01 1.481661956270065517e+01 1.501703389280735657e+01 1.521957170873752041e+01 1.542423649408594066e+01 1.563102940139119568e+01 1.583994881300457536e+01 1.605098989569905044e+01 1.626414415611909448e+01 1.647939900457187079e+01 1.669673733490020595e+01 1.691613712824074511e+01 1.713757108834424869e+01 1.736100631581256692e+01 1.758640402808937253e+01 1.781371933133725349e+01 1.804290104945670237e+01 1.827389161447656463e+01 1.850662702139756277e+01 1.874103684933567848e+01 1.897704434952659014e+01 1.921456659945675938e+01 1.945351472111911306e+01 1.969379416019208762e+01 1.993530502184217923e+01 2.017794245788539698e+01 2.042159709923342703e+01 2.066615552691629887e+01 2.091150077452276790e+01 2.115751285463777975e+01 2.140406930177801570e+01 2.165104572442256980e+01 2.189831635899052031e+01 2.214575461901142717e+01
1.267975251429261618e+01 1.284175066010783084e+01 1.300567366582211015e+01 1.317152590990372829e+01 1.333931265437573899e+01 1.350904008235297660e+01 1.368071531158648035e+01 1.385434638127437168e+01 1.402994220960948546e+01 1.420751251981810448e+01 1.438706773280366669e+01 1.456861882494460048e+01 1.475217715010657926e+01 1.493775422551143528e+01 1.512536148175363415e+01 1.531500997796012165e+01 1.550671008383988436e+01 1.570047113115030157e+01 1.589630103790144489e+01 1.609420590940554519e+01 1.629418962103602908e+01 1.649625338826355758e+01 1.670039533016159794e+01 1.690661003309669042e+01 1.711488812171498708e+01 1.732521584458710606e+01 1.753757468195950864e+01 1.775194098297083656e+01 1.796828563941830481e+01 1.818657380270164481e+01 1.840676464993672212e+01 1.862881120442977689e+01 1.885266021475660381e+01 1.907825209562386704e+01 1.930552093253253787e+01 1.953439455105119293e+01 1.976479465027519211e+01 1.999663699883463508e+01 2.022983169065556197e+01 2.046428345660834225e+01 2.069989202722489097e+01 2.093655254085597761e+01 2.117415599099027190e+01 2.141258970597905176e+01 2.165173785411004914e+01 2.189148196684888603e+01 2.213170147310897562e+01 2.237227423760879219e+01 2.261307709671019239e+01 2.285398638558481466e+01 2.309487845110303894e+01
1.378511993094111610e+01 1.394532949140145739e+01 1.410739206449847138e+01 1.427131549796899890e+01 1.443710864037656449e+01 1.460478132103340698e+01 1.477434430171081559e+01 1.494580919806677954e+01 1.511918836905323360e+01 1.529449477296854809e+01 1.547174178929418176e+01 1.565094300599494836e+01 1.583211197256444258e+01 1.601526191975350244e+01 1.620040544761949519e+01 1.638755418426403665e+01 1.657671841837133897e+01 1.676790670939899996e+01 1.696112547998867015e+01 1.715637859583198122e+01 1.735366693882585309e+01 1.755298797985694392e+01 1.775433535794647355e+01 1.795769847274328512e+01 1.816306209745898315e+01 1.837040601928087113e+01 1.857970471406917667e+01 1.879092706174255412e+01 1.900403610818420930e+01 1.921898887877175355e+01 1.943573624776252373e+01 1.965422286677686259e+01 1.987438715454101867e+01 2.009616134891105332e+01 2.031947162103273996e+01 2.054423825033536488e+01 2.077037585794298735e+01 2.099779369504827287e+01 2.122639598185954668e+01 2.145608229192549032e+01 2.168674797598335147e+01 2.191828461897698332e+01 2.215058052355825780e+01 2.238352121321859300e+01 2.261698994819152375e+01 2.285086824741154743e+01 2.308503641009370710e+01 2.331937403089541760e+01 2.355376050311471658e+01 2.378807550494792622e+01 2.402219946445091736e+01
1.487836205016448332e+01 1.503649472706545609e+01 1.519642161044425244e+01 1.535815427464881644e+01 1.552170526755350721e+01 1.568708802777829270e+01 1.585431677127916572e+01 1.602340634608394154e+01 1.619437205438579497e+01 1.636722944170796268e+01 1.654199405341154616e+01 1.671868115942886845e+01 1.689730544875636298e+01 1.707788069592286817e+01 1.726041940234576089e+01 1.744493241618267731e+01 1.763142853496103868e+01 1.781991409590126452e+01 1.801039255942101747e+01 1.820286409179567499e+01 1.839732515333402318e+01 1.859376809868876279e+01 1.879218079604319058e+01 1.899254627188519606e+01 1.919484238789003783e+01 1.939904155608120462e+01 1.960511049792684801e+01 1.981301005236677781e+01 2.002269503696624753e+01 2.023411416547782338e+01 2.044721002408633836e+01 2.066191910754281480e+01 2.087817191529248362e+01 2.109589310660174633e+01 2.131500171262212362e+01 2.153541140232535867e+01 2.175703079833202480e+01 2.197976383785885446e+01 2.220351017334742494e+01 2.242816560682121718e+01 2.265362255165822347e+01 2.287977051526280547e+01 2.310649659607060613e+01 2.333368598841527231e+01 2.356122248901232297e+01 2.378898899915818177e+01 2.401686801718217623e+01 2.424474211620677977e+01 2.447249440284573296e+01 2.470000895308103139e+01 2.492717122218918036e+01
1.595822651100490042e+01 1.611403457010269946e+01 1.627159154294641041e+01 1.643091261323174379e+01 1.659201376523762406e+01 1.675491163776034043e+01 1.691962334697704762e+01 1.708616627798181753e+01 1.725455784525538405e+01 1.742481522289644857e+01 1.759695504604856708e+01 1.777099308559225577e+01 1.794694389882329233e+01 1.812482045949001019e+01 1.830463377119767543e+01 1.848639246878713038e+01 1.867010241283957583e+01 1.885576628292801971e+01 1.904338317561083471e+01 1.923294821342501493e+01 1.942445217127112400e+01 1.961788112657644945e+01 1.981321613946863636e+01 2.001043296888639489e+01 2.020950183009751910e+01 2.041038719849514393e+01 2.061304766381319808e+01 2.081743583805877051e+01 2.102349831952510328e+01 2.123117571425000349e+01 2.144040271524870533e+01 2.165110823880851498e+01 2.186321561611391928e+01 2.207664283750563072e+01 2.229130284579050425e+01 2.250710387423607273e+01 2.272394982422094500e+01 2.294174067698620334e+01 2.316037293355018178e+01 2.337974007661375708e+01 2.359973304819398976e+01 2.382024073677250797e+01 2.404115046792234267e+01 2.426234849266777616e+01 2.448372046821972603e+01 2.470515192619643230e+01 2.492652872396645591e+01 2.514773747531944537e+01 2.536866595726149143e+01 2.558920349032998232e+01 2.580924129041182979e+01
1.702353423021054724e+01 1.717681127854280021e+01 1.733180491942621160e+01 1.748853347584631734e+01 1.764701576268587857e+01 1.780727088121219026e+01 1.796931798407398517e+01 1.813317601158098924e+01 1.829886340060231120e+01 1.846639776801161403e+01 1.863579557121481400e+01 1.880707174890634903e+01 1.898023934579684635e+01 1.915530912562106280e+01 1.933228917725216078e+01 1.951118451919794339e+01 1.969199670811935832e+01 1.987472345727301359e+01 2.005935827092511659e+01 2.024589010079934326e+01 2.043430303050008945e+01 2.062457599358904758e+01 2.081668253058888141e+01 2.101059058964815307e+01 2.120626237493695143e+01 2.140365424606861922e+01 2.160271667097918424e+01 2.180339423376577201e+01 2.200562569801446600e+01 2.220934412516490397e+01 2.241447704649052852e+01 2.262094668634818007e+01 2.282867023349336577e+01 2.303756015649098998e+01 2.324752455859405131e+01 2.345846756692938584e+01 2.367028975042886785e+01 2.388288856068192700e+01 2.409615878975947112e+01 2.430999303906616760e+01 2.452428219340806947e+01 2.473891589470432706e+01 2.495378301010911315e+01 2.516877208972822899e+01 2.538377180959473378e+01 2.559867139609325903e+01 2.581336102857520842e+01 2.602773221747144206e+01 2.624167815576993945e+01 2.645509404227149730e+01 2.666787737555462812e+01
1.807319781844284634e+01 1.822377688106020344e+01 1.837605173228352129e+01 1.853004306032126891e+01 1.868577162049804485e+01 1.884325797818586068e+01 1.900252222575597116e+01 1.916358367534040497e+01 1.932646052975862005e+01 1.949116953453519230e+01 1.965772561449400513e+01 1.982614149894804356e+01 1.999642733999412059e+01 2.016859032885221836e+01 2.034263431554222379e+01 2.051855943745137978e+01 2.069636176249896664e+01 2.087603295264004899e+01 2.105755995335764297e+01 2.124092471456956233e+01 2.142610394802019513e+01 2.161306892574475569e+01 2.180178532359105859e+01 2.199221311307651661e+01 2.218430650406220650e+01 2.237801393986288900e+01 2.257327814550550116e+01 2.277003622892372547e+01 2.296821983395946631e+01 2.316775534315855367e+01 2.336856412752205614e+01 2.357056283962804599e+01 2.377366374588973841e+01 2.397777509317924682e+01 2.418280150463144906e+01 2.438864439915617055e+01 2.459520242902870280e+01 2.480237192989636696e+01 2.501004737762522723e+01 2.521812184660479161e+01 2.542648746441812335e+01 2.563503585815400143e+01 2.584365858807137428e+01 2.605224756480805226e+01 2.626069544683845791e+01 2.646889601541483472e+01 2.667674452475789693e+01 2.688413802578401857e+01 2.709097566215612929e+01 2.729715893791578196e+01 2.750259195638687970e+01
1.910623295817957157e+01 1.925398217180831750e+01 1.940341569259015841e+01 1.955455556648620075e+01 1.970742339325042636e+01 1.986204002910004363e+01 2.001842526860979277e+01 2.017659750854108580e+01 2.033657339684074117e+01 2.049836747054605723e+01 2.066199178679699600e+01 2.082745555156698103e+01 2.099476475106548179e+01 2.116392179102328797e+01 2.133492514923189276e+01 2.150776904676039081e+01 2.168244314320860511e+01 2.185893226116856880e+01 2.203721614475679402e+01 2.221726925665054253e+01 2.239906061751869260e+01 2.258255369109465249e+01 2.276770631740884454e+01 2.295447069590153788e+01 2.314279341929362133e+01 2.333261555822685906e+01 2.352387279582008262e+01 2.371649561044762322e+01 2.391040950425378142e+01 2.410553527419320829e+01 2.430178932174936435e+01 2.449908399694671601e+01 2.469732797184706641e+01 2.489642663841347314e+01 2.509628252543809879e+01 2.529679572916206354e+01 2.549786435225973591e+01 2.569938494600907930e+01 2.590125295071141664e+01 2.610336312974624917e+01 2.630560999303389025e+01 2.650788820611652596e+01 2.671009298154133660e+01 2.691212044972260742e+01 2.711386800696092791e+01 2.731523463879260305e+01 2.751612121732260619e+01 2.771643077164903346e+01 2.791606873091069119e+01 2.811494313987519433e+01 2.831296484733059060e+01
2.012176337886483068e+01 2.026657982600818286e+01 2.041307571024918843e+01 2.056127328022839507e+01 2.071119376958274927e+01 2.086285707314049631e+01 2.101628140885631879e+01 2.117148296894736248e+01 2.132847556412946943e+01 2.148727026524428041e+01 2.164787504689767417e+01 2.181029443798442102e+01 2.197452918414043666e+01 2.214057592723125723e+01 2.230842690694627350e+01 2.247806968941610961e+01 2.264948692750473214e+01 2.282265615704940842e+01 2.299754963283699638e+01 2.317413420752329500e+01 2.335237125603699226e+01 2.353221664727730555e+01 2.371362076413394604e+01 2.389652857205043546e+01 2.408087973553895367e+01 2.426660878125923659e+01 2.445364530551654170e+01 2.464191422333456671e+01 2.483133605563558177e+01 2.502182725052630374e+01 2.521330053425566575e+01 2.540566528708570004e+01 2.559882793910426813e+01 2.579269238090601135e+01 2.598716038407370377e+01 2.618213202649744886e+01 2.637750611776571930e+01 2.657318062013755977e+01 2.676905306094673875e+01 2.696502093268273370e+01 2.716098207742530235e+01 2.735683505276661975e+01 2.755247947682319420e+01 2.774781635040834971e+01 2.794274835489380138e+01 2.813718012472708807e+01 2.833101849398290284e+01 2.852417271670541510e+01 2.871655466114085442e+01 2.890807897826297079e+01 2.909866324525663117e+01
2.111902074485923464e+01 2.126082309949218185e+01 2.140430365932602186e+01 2.154948366628099521e+01 2.169638275876941336e+01 2.184501863656151954e+01 2.199540671872586017e+01 2.214755979862058055e+01 2.230148770022996274e+01 2.245719694039101100e+01 2.261469040162626953e+01 2.277396702038082665e+01 2.293502149544556445e+01 2.309784402122970448e+01 2.326242005032116822e+01 2.342873008944387081e+01 2.359674953249168894e+01 2.376644853379698219e+01 2.393779192418902824e+01 2.411073917172853598e+01 2.428524438828570808e+01 2.446125638237978706e+01 2.463871875793808641e+01 2.481757005788173487e+01 2.499774395072469702e+01 2.517916945770011594e+01 2.536177121732072237e+01 2.554546978375199018e+01 2.573018195493943949e+01 2.591582112609244959e+01 2.610229766389037565e+01 2.628951929664431120e+01 2.647739151561603421e+01 2.666581798275977278e+01 2.685470094030443988e+01 2.704394161782374439e+01 2.723344063273758664e+01 2.742309838053813209e+01 2.761281541142491136e+01 2.780249279045261090e+01 2.799203243873025571e+01 2.818133745365054210e+01 2.837031240656207132e+01 2.855886361671712947e+01 2.874689940072534000e+01 2.893433029711353655e+01 2.912106926592982603e+01 2.930703186363224333e+01 2.949213639376781160e+01 2.967630403417540919e+01 2.985945894163664605e+01
2.209734126387461473e+01 2.223606199407257122e+01 2.237646035995513216e+01 2.251855542546649502e+01 2.266236407824683496e+01 2.280790069842625911e+01 2.295517682808459625e+01 2.310420084559754983e+01 2.325497764926485189e+01 2.340750835471140689e+01 2.356179001055824074e+01 2.371781533677262743e+01 2.387557248992126091e+01 2.403504485926836054e+01 2.419621089728429553e+01 2.435904398766663093e+01 2.452351235343403246e+01 2.468957900704610608e+01 2.485720174384480785e+01 2.502633317942123981e+01 2.519692083080448342e+01 2.536890724066464742e+01 2.554223014303930483e+01 2.571682266844852194e+01 2.589261358567491556e+01 2.606952757696513601e+01 2.624748554296978043e+01 2.642640493338772245e+01 2.660620009902379124e+01 2.678678266080738268e+01 2.696806189125311093e+01 2.714994510386899762e+01 2.733233804612646622e+01 2.751514529179139856e+01 2.769827062866653833e+01 2.788161743810134396e+01 2.806508906297484174e+01 2.824858916123753261e+01 2.843202204249945453e+01 2.861529298556092371e+01 2.879830853519200318e+01 2.898097677686605778e+01 2.916320758853512984e+01 2.934491286889460326e+01 2.952600674191562291e+01 2.970640573772418946e+01 2.988602895017207572e+01 3.006479817167689106e+01 3.024263800610547293e+01 3.041947596063827675e+01 3.059524251768268144e+01
2.305616106494795048e+01 2.319173893113444507e+01 2.332899178767214465e+01 2.346793547098283028e+01 2.360858311618663663e+01 2.375094484395579997e+01 2.389502745531912353e+01 2.404083413860423946e+01 2.418836419273163330e+01 2.433761277101642406e+01 2.448857064948603224e+01 2.464122402348518293e+01 2.479555433601479919e+01 2.495153814084395094e+01 2.510914700295210622e+01 2.526834743831255992e+01 2.542910089443044797e+01 2.559136377241468452e+01 2.575508749070904102e+01 2.592021858994991490e+01 2.608669887777438490e+01 2.625446561178859639e+01 2.642345171833792961e+01 2.659358604421134942e+01 2.676479363797282574e+01 2.693699605725274182e+01 2.711011169805683352e+01 2.728405614196264040e+01 2.745874251697425450e+01 2.763408186779235365e+01 2.780998353132366674e+01 2.798635551339495819e+01 2.816310486284290704e+01 2.834013803941314791e+01 2.851736127220883077e+01 2.869468090577036534e+01 2.887200373123320674e+01 2.904923730038881047e+01 2.922629022085647321e+01 2.940307243095116263e+01 2.957949545319814888e+01 2.975547262579204855e+01 2.993091931162161501e+01 3.010575308477767464e+01 3.027989389472811155e+01 3.045326420857840333e+01 3.062578913203904207e+01 3.079739650989208144e+01 3.096801700688880388e+01 3.113758417012114421e+01 3.130603447399252559e+01
2.399501235666519605e+01 2.412738585896500254e+01 2.426142732808888525e+01 2.439714851273986085e+01 2.453455800932621855e+01 2.467366097880761444e+01 2.481445887797199745e+01 2.495694920904615088e+01 2.510112529143075477e+01 2.524697605915758203e+01 2.539448588739108814e+01 2.554363445094406870e+01 2.569439661735308889e+01 2.584674237657273466e+01 2.600063680880988670e+01 2.615604009144220043e+01 2.631290754536449583e+01 2.647118972049639396e+01 2.663083251958114772e+01 2.679177735882396405e+01 2.695396136337221549e+01 2.711731759514358231e+01 2.728177531007207079e+01 2.744726024147474419e+01 2.761369490595134835e+01 2.778099892801764526e+01 2.794908937954320294e+01 2.811788113001469469e+01 2.828728720367223559e+01 2.845721913966423955e+01 2.862758735152845091e+01 2.879830148252430533e+01 2.896927075360657966e+01 2.914040430113106339e+01 2.931161150171135787e+01 2.948280228199150699e+01 2.965388741145309837e+01 2.982477877672935307e+01 2.999538963624546639e+01 3.016563485433707470e+01 3.033543111431293227e+01 3.050469711021826313e+01 3.067335371732009008e+01 3.084132414157220481e+01 3.100853404852447781e+01 3.117491167231893101e+01 3.134038790556347465e+01 3.150489637099481399e+01 3.166837347593595808e+01 3.183075845062327147e+01 3.199199337152489164e+01
2.491352207060739943e+01 2.504262434785404423e+01 2.517338146293763401e+01 2.530580045266183831e+01 2.543988484305293341e+01 2.557563440515182407e+01 2.571304493053681384e+01 2.585210802999653978e+01 2.599281095854514945e+01 2.613513646967233228e+01 2.627906270135301625e+01 2.642456309591382890e+01 2.657160635537390903e+01 2.672015643335826951e+01 2.687017256413435362e+01 2.702160932876104127e+01 2.717441675777745047e+01 2.732854046931095127e+01 2.748392184096299573e+01 2.764049821335032320e+01 2.779820312274873118e+01 2.795696655991585544e+01 2.811671525186567777e+01 2.827737296313507187e+01 2.843886081292453127e+01 2.860109760441079629e+01 2.876400016251715641e+01 2.892748367648293595e+01 2.909146204369205790e+01 2.925584821139437963e+01 2.942055451317475701e+01 2.958549299728478132e+01 2.975057574424233664e+01 2.991571517141533221e+01 3.008082432262962769e+01 3.024581714116959219e+01 3.041060872486560740e+01 3.057511556227918348e+01 3.073925574929906901e+01 3.090294918574471694e+01 3.106611775183513657e+01 3.122868546461725714e+01 3.139057861465848021e+01 3.155172588349145002e+01 3.171205844245501027e+01 3.187151003370586722e+01 3.203001703427937485e+01 3.218751850415920757e+01 3.234395621937399312e+01 3.249927469117756829e+01 3.265342117239040221e+01
2.581141417588658271e+01 2.593716966436706883e+01 2.606455967497085524e+01 2.619358616770115944e+01 2.632424733576335996e+01 2.645653740587561487e+01 2.659044646221044061e+01 2.672596029677339757e+01 2.686306028871249652e+01 2.700172331468125009e+01 2.714192169195711912e+01 2.728362315555390083e+01 2.742679087007371308e+01 2.757138347653145871e+01 2.771735517386627023e+01 2.786465583434220861e+01 2.801323115154695031e+01 2.816302281923438144e+01 2.831396873883534582e+01 2.846600325308959256e+01 2.861905740293805067e+01 2.877305920456453237e+01 2.892793394329147105e+01 2.908360448091866246e+01 2.923999157304415419e+01 2.939701419292219597e+01 2.955458985848812148e+01 2.971263495931030718e+01 2.987106508040687913e+01 3.002979532008333052e+01 3.018874059919784614e+01 3.034781595953624134e+01 3.050693684927043847e+01 3.066601939377492059e+01 3.082498065037835033e+01 3.098373884592596283e+01 3.114221359631683228e+01 3.130032610745419674e+01 3.145799935730291708e+01 3.161515825898317189e+01 3.177172980504129995e+01 3.192764319322659006e+01 3.208282993426574592e+01 3.223722394226550136e+01 3.239076160848809138e+01 3.254338185933646344e+01 3.269502619945600941e+01 3.284563874091019642e+01 3.299516621942007077e+01 3.314355799867356467e+01 3.329076606371310021e+01
2.668851620556531046e+01 2.681083915589010047e+01 2.693476869243713878e+01 2.706030159307924876e+01 2.718743071689667090e+01 2.731614485118905122e+01 2.744642858456361978e+01 2.757826220823448438e+01 2.771162164730348465e+01 2.784647842338670642e+01 2.798279964951155918e+01 2.812054805774705102e+01 2.825968205955620149e+01 2.840015583838491153e+01 2.854191947353830017e+01 2.868491909395399020e+01 2.882909706007193051e+01 2.897439217163224612e+01 2.912073989891246839e+01 2.926807263465026310e+01 2.941631996369137880e+01 2.956540894725689839e+01 2.971526441863987955e+01 2.986580928711781979e+01 3.001696484690079458e+01 3.016865108802175044e+01 3.032078700620977685e+01 3.047329090896284498e+01 3.062608071524682885e+01 3.077907424648513413e+01 3.093218950676123313e+01 3.108534495042725965e+01 3.123845973558905698e+01 3.139145396221590545e+01 3.154424889389523656e+01 3.169676716251531445e+01 3.184893295540718228e+01 3.200067218470843500e+01 3.215191263892334916e+01 3.230258411684442166e+01 3.245261854416905578e+01 3.260195007329102879e+01 3.275051516687044284e+01 3.289825266588773900e+01 3.304510384296941083e+01 3.319101244183458732e+01 3.333592470375683803e+01 3.347978938196308007e+01 3.362255774490562743e+01 3.376418356934419762e+01 3.390462312416459412e+01
2.754476986918390224e+01 2.766356462412793960e+01 2.778393056397917249e+01 2.790585941906226353e+01 2.802933894718000474e+01 2.815435282645562154e+01 2.828088057533030408e+01 2.840889750118701684e+01 2.853837467868633482e+01 2.866927895848926156e+01 2.880157300661410602e+01 2.893521537424033951e+01 2.907016059734166546e+01 2.920635932511351029e+01 2.934375847576637142e+01 2.948230141789482417e+01 2.962192817530969791e+01 2.976257565294499230e+01 2.990417788122543996e+01 3.004666627610953356e+01 3.018996991190647350e+01 3.033401580390523122e+01 3.047872919784706625e+01 3.062403386331710209e+01 3.076985238822163637e+01 3.091610647165044767e+01 3.106271721259252416e+01 3.120960539217175622e+01 3.135669174729153497e+01 3.150389723381564266e+01 3.165114327766263003e+01 3.179835201244477361e+01 3.194544650253645202e+01 3.209235095070475552e+01 3.223899088967363014e+01 3.238529335721807456e+01 3.253118705459469595e+01 3.267660248830626557e+01 3.282147209537064469e+01 3.296573035241651439e+01 3.310931386906064233e+01 3.325216146613281865e+01 3.339421423940751765e+01 3.353541560957469159e+01 3.367571135923834902e+01 3.381504965777218530e+01 3.395338107488650792e+01 3.409065858377361735e+01 3.422683755469952160e+01 3.436187573990069666e+01 3.449573325062723939e+01
2.838024503857205971e+01 2.849540781835656844e+01 2.861209955262941662e+01 2.873030726396164525e+01 2.885001403555938992e+01 2.897119894659441286e+01 2.909383703459815251e+01 2.921789928578436957e+01 2.934335265378571123e+01 2.947016010689768351e+01 2.959828070352841323e+01 2.972766969516398916e+01 2.985827865578509943e+01 2.999005563632025329e+01 3.012294534240104937e+01 3.025688933340238052e+01 3.039182624051075976e+01 3.052769200137043981e+01 3.066442010871260138e+01 3.080194187027862185e+01 3.094018667730367511e+01 3.107908227883028474e+01 3.121855505916996520e+01 3.135853031592112927e+01 3.149893253607788068e+01 3.163968566792291881e+01 3.178071338658159561e+01 3.192193935131907878e+01 3.206328745288131188e+01 3.220468204940847556e+01 3.234604818968144713e+01 3.248731182269255413e+01 3.262839999275720260e+01 3.276924101959981783e+01 3.290976466305201598e+01 3.304990227219142440e+01 3.318958691892368762e+01 3.332875351616700499e+01 3.346733892093744345e+01 3.360528202275349230e+01 3.374252381788079447e+01 3.387900747002265689e+01 3.401467835812970009e+01 3.414948411205426737e+01 3.428337463681274500e+01 3.441630212624293961e+01 3.454822106685635674e+01 3.467908823268671625e+01 3.480886267192875749e+01 3.493750568614631646e+01 3.506498080280661611e+01
2.919515596500378152e+01 2.930657780551619496e+01 2.941948052296666560e+01 2.953384693328090194e+01 2.964965601807922368e+01 2.976688289739254145e+01 2.988549882843528138e+01 3.000547123078603917e+01 3.012676373797063434e+01 3.024933627508541178e+01 3.037314516174886592e+01 3.049814323933518168e+01 3.062428002113078307e+01 3.075150186377159756e+01 3.087975215806934770e+01 3.100897153712473298e+01 3.113909809945706542e+01 3.127006764475540024e+01 3.140181391977688108e+01 3.153426887188278016e+01 3.166736290771021345e+01 3.180102515452544409e+01 3.193518372188906795e+01 3.206976596138044044e+01 3.220469872227376129e+01 3.233990860122637656e+01 3.247532218422555417e+01 3.261086627923912573e+01 3.274646813822204194e+01 3.288205566734096408e+01 3.301755762448842546e+01 3.315290380336272591e+01 3.328802520358634354e+01 3.342285418652216578e+01 3.355732461662002208e+01 3.369137198828521207e+01 3.382493353840439454e+01 3.395794834479151802e+01 3.409035741092749561e+01 3.422210373746223411e+01 3.435313238102630606e+01 3.448339050096332414e+01 3.461282739464351010e+01 3.474139452205514544e+01 3.486904552039444383e+01 3.499573620938783591e+01 3.512142458808366285e+01 3.524607082384567747e+01 3.536963723426806183e+01 3.549208826271350148e+01 3.561339044815211707e+01
2.998987835794301304e+01 3.009744880706846715e+01 3.020644738954972652e+01 3.031685332978632985e+01 3.042864217824839201e+01 3.054178581543715154e+01 3.065625248025492056e+01 3.077200682272798105e+01 3.088900998070467452e+01 3.100721967983770355e+01 3.112659035586014866e+01 3.124707329788574484e+01 3.136861681121146717e+01 3.149116639787835226e+01 3.161466495305965196e+01 3.173905297519580415e+01 3.186426878768566695e+01 3.199024876987290966e+01 3.211692759503596051e+01 3.224423847309686408e+01 3.237211339580750291e+01 3.250048338224728894e+01 3.262927872257134965e+01 3.275842921807803521e+01 3.288786441581522979e+01 3.301751383611167512e+01 3.314730719159850025e+01 3.327717459647167431e+01 3.340704676493619019e+01 3.353685519796145087e+01 3.366653235766284524e+01 3.379601182880339394e+01 3.392522846707868212e+01 3.405411853400705979e+01 3.418261981839306429e+01 3.431067174446427259e+01 3.443821546689981261e+01 3.456519395307210374e+01 3.469155205291245636e+01 3.481723655688539765e+01 3.494219624261769042e+01 3.506638191077592381e+01 3.518974641082235166e+01 3.531224465730337414e+01 3.543383363733976665e+01 3.555447240999360048e+01 3.567412209818429147e+01 3.579274587381755168e+01 3.591030893677588409e+01 3.602677848839965691e+01 3.614212370006409003e+01
3.076496593497917686e+01 3.086857712712705393e+01 3.097356028243238768e+01 3.107989171714088883e+01 3.118754427280754982e+01 3.129648734496953111e+01 3.140668693419666369e+01 3.151810571916351833e+01 3.163070315110661568e+01 3.174443556876238048e+01 3.185925633263167001e+01 3.197511597718998289e+01 3.209196237946322583e+01 3.220974094222007977e+01 3.232839478989649251e+01 3.244786497526708047e+01 3.256809069481252550e+01 3.268900951070166627e+01 3.281055757730998579e+01 3.293266987023174153e+01 3.305528041580701171e+01 3.317832251927600851e+01 3.330172898978622698e+01 3.342543236061030854e+01 3.354936510308031927e+01 3.367345983290218214e+01 3.379764950768041132e+01 3.392186761465271871e+01 3.404604834780428035e+01 3.417012677369871909e+01 3.429403898552508423e+01 3.441772224501482214e+01 3.454111511202783902e+01 3.466415756174125562e+01 3.478679108949717858e+01 3.490895880347564884e+01 3.503060550545637852e+01 3.515167776001692346e+01 3.527212395258639788e+01 3.539189433683325348e+01 3.551094107191261173e+01 3.562921825013545885e+01 3.574668191564783370e+01 3.586329007472518526e+01 3.597900269829561637e+01 3.609378171730656959e+01 3.620759101154441595e+01 3.632039639250506013e+01 3.643216558089827828e+01 3.654286817934865894e+01 3.665247564083332321e+01
3.152116521483273814e+01 3.162071600022382256e+01 3.172158032709330300e+01 3.182373231455622431e+01 3.192714283013190268e+01 3.203177953672239653e+01 3.213760695976841220e+01 3.224458657402695394e+01 3.235267690917478944e+01 3.246183367321781077e+01 3.257200989248162415e+01 3.268315606677769836e+01 3.279522033818517457e+01 3.290814867176279535e+01 3.302188504641022604e+01 3.313637165403390128e+01 3.325154910513915496e+01 3.336735663896712367e+01 3.348373233631996726e+01 3.360061333326959243e+01 3.371793603402021233e+01 3.383563632129127541e+01 3.395364976270093393e+01 3.407191181175820560e+01 3.419035800221069366e+01 3.430892413464115265e+01 3.442754645435665140e+01 3.454616181976611955e+01 3.466470786059252873e+01 3.478312312541266493e+01 3.490134721815834951e+01 3.501932092334582336e+01 3.513698631992460975e+01 3.525428688375080100e+01 3.537116757879312701e+01 3.548757493727232770e+01 3.560345712901460757e+01 3.571876402036951959e+01 3.583344722310080499e+01 3.594746013370603777e+01 3.606075796365887953e+01 3.617329776109552597e+01 3.628503842448668593e+01 3.639594070884803756e+01 3.650596722504679548e+01 3.661508243276048091e+01 3.672325262763710185e+01 3.683044592319431842e+01 3.693663222797984247e+01 3.704178321849666133e+01 3.714587230837545206e+01
3.225942763078116826e+01 3.235482751565990611e+01 3.245148128327426207e+01 3.254936156094008481e+01 3.264843795861466447e+01 3.274867712826493005e+01 3.285004284121080076e+01 3.295249608277262610e+01 3.305599516334960697e+01 3.316049584487045365e+01 3.326595148139207225e+01 3.337231317247888285e+01 3.347952992787696758e+01 3.358754884190519618e+01 3.369631527592009235e+01 3.380577304717317588e+01 3.391586462236784882e+01 3.402653131423644339e+01 3.413771347949583657e+01 3.424935071659876229e+01 3.436138206177658105e+01 3.447374618196381846e+01 3.458638156330344060e+01 3.469922669405113425e+01 3.481222024082348554e+01 3.492530121726776571e+01 3.503840914436477760e+01 3.515148420171104959e+01 3.526446736925845471e+01 3.537730055911717386e+01 3.548992673714987234e+01 3.560229003419942018e+01 3.571433584689874863e+01 3.582601092810889298e+01 3.593726346711828512e+01 3.604804315981442642e+01 3.615830126910648801e+01 3.626799067593526615e+01 3.637706592125511662e+01 3.648548323941174232e+01 3.659320058337007708e+01 3.670017764226915347e+01 3.680637585179597693e+01 3.691175839787895541e+01 3.701629021420394139e+01 3.711993797405353490e+01 3.722267007696266461e+01 3.732445663067273500e+01 3.742526942885216101e+01 3.752508192503380258e+01 3.762386920320109596e+01
3.298091845279935086e+01 3.307209118957315042e+01 3.316445770044472852e+01 3.325798979519463217e+01 3.335265650160725670e+01 3.344842413202650278e+01 3.354525636579624148e+01 3.364311434686700863e+01 3.374195679568146033e+01 3.384174013429864658e+01 3.394241862358350659e+01 3.404394451117471476e+01 3.414626818885344761e+01 3.424933835786779213e+01 3.435310220072344833e+01 3.445750555793038217e+01 3.456249310819669063e+01 3.466800855058391306e+01 3.477399478718056969e+01 3.488039410491111880e+01 3.498714835517346700e+01 3.509419913008753866e+01 3.520148793423696532e+01 3.530895635089458295e+01 3.541654620183597046e+01 3.552419969996304872e+01 3.563185959407795167e+01 3.573946930526571464e+01 3.584697305445892113e+01 3.595431598086894098e+01 3.606144425107356710e+01 3.616830515864973705e+01 3.627484721433163628e+01 3.638102022675753489e+01 3.648677537394377879e+01 3.659206526569079898e+01 3.669684399718330781e+01 3.680106719409626237e+01 3.690469204955912375e+01 3.700767735336381747e+01 3.710998351382769300e+01 3.721157257274158781e+01 3.731240821384545114e+01 3.741245576528117311e+01 3.751168219647367152e+01 3.761005610988872405e+01 3.770754772810926170e+01 3.780412887666198429e+01 3.789977296301317011e+01 3.799445495213745261e+01 3.808815133904657557e+01
3.368702250374805374e+01 3.377390923729382166e+01 3.386192971029101528e+01 3.395105554036229023e+01 3.404125579234842291e+01 3.413249704766602122e+01 3.422474348763962837e+01 3.431795699009305167e+01 3.441209723834406020e+01 3.450712184162134122e+01 3.460298646581355797e+01 3.469964497337058873e+01 3.479704957110620711e+01 3.489515096460095833e+01 3.499389851787370986e+01 3.509324041697957597e+01 3.519312383620064111e+01 3.529349510552195568e+01 3.539429987812817302e+01 3.549548329671354452e+01 3.559699015746816286e+01 3.569876507068430271e+01 3.580075261701627198e+01 3.590289749852318124e+01 3.600514468372489318e+01 3.610743954600398808e+01 3.620972799479076087e+01 3.631195659907073292e+01 3.641407270285424147e+01 3.651602453234423251e+01 3.661776129462954543e+01 3.671923326781694641e+01 3.682039188259383877e+01 3.692118979528622447e+01 3.702158095254102932e+01 3.712152064781955119e+01 3.722096556993863459e+01 3.731987384393914198e+01 3.741820506459654183e+01 3.751592032291776491e+01 3.761298222599053531e+01 3.770935491056845734e+01 3.780500405078582560e+01 3.789989686040270556e+01 3.799400208998243045e+01 3.808729001940165659e+01 3.817973244608739947e+01 3.827130266936721625e+01 3.836197547130766594e+01 3.845172709440294767e+01 3.854053521646142144e+01
3.437934724862932256e+01 3.446190916014559491e+01 3.454554510429667147e+01 3.463022707160525471e+01 3.471592471813730185e+01 3.480260543410899032e+01 3.489023442476766235e+01 3.497877480287152707e+01 3.506818769197529662e+01 3.515843233962464609e+01 3.524946623947329272e+01 3.534124526126282007e+01 3.543372378754946794e+01 3.552685485602231807e+01 3.562059030623556311e+01 3.571488092957201843e+01 3.580967662126582951e+01 3.590492653333787842e+01 3.600057922733685700e+01 3.609658282583093580e+01 3.619288516165677549e+01 3.628943392400444878e+01 3.638617680049489422e+01 3.648306161449046670e+01 3.658003645696668116e+01 3.667704981236269646e+01 3.677405067791804782e+01 3.687098867609232400e+01 3.696781415975122798e+01 3.706447830988626890e+01 3.716093322571457236e+01 3.725713200708006667e+01 3.735302882914619715e+01 3.744857900943330975e+01 3.754373906731096611e+01 3.763846677610579405e+01 3.773272120802979401e+01 3.782646277217185826e+01 3.791965324582725572e+01 3.801225579946567734e+01 3.810423501565922777e+01 3.819555690230687617e+01 3.828618890050279333e+01 3.837609988740218370e+01 3.846526017444082157e+01 3.855364150126330003e+01 3.864121702571117112e+01 3.872796131021539168e+01 3.881385030492845800e+01 3.889886132792108953e+01 3.898297304275580899e+01
3.505972457009755061e+01 3.513794494922262857e+01 3.521717998654460047e+01 3.529740254359347773e+01 3.537858335229834950e+01 3.546069108008270376e+01 3.554369240574597200e+01 3.562755210552018070e+01 3.571223314859119569e+01 3.579769680128678999e+01 3.588390273905851302e+01 3.597080916532344474e+01 3.605837293618498052e+01 3.614654969001917095e+01 3.623529398089578279e+01 3.632455941479871342e+01 3.641429878762106398e+01 3.650446422393179091e+01 3.659500731554536657e+01 3.668587925897026025e+01 3.677703099086504324e+01 3.686841332069268873e+01 3.695997705983006654e+01 3.705167314646205057e+01 3.714345276566428566e+01 3.723526746415608812e+01 3.732706925928183495e+01 3.741881074185671707e+01 3.751044517258740285e+01 3.760192657185113063e+01 3.769320980268568633e+01 3.778425064690816271e+01 3.787500587434058730e+01 3.796543330517658887e+01 3.805549186557344399e+01 3.814514163659902124e+01 3.823434389670290301e+01 3.832306115791528356e+01 3.841125719600655231e+01 3.849889707486448742e+01 3.858594716536548930e+01 3.867237515903123324e+01 3.875815007677297075e+01 3.884324227303243049e+01 3.892762343563221350e+01 3.901126658164863414e+01 3.909414604961785500e+01 3.917623748838140330e+01 3.925751784287034951e+01 3.933796533711900878e+01 3.941755945478891476e+01
3.573021348463959868e+01 3.580409909378636968e+01 3.587894012133789090e+01 3.595471072745247199e+01 3.603138313320396691e+01 3.610892768012647736e+01 3.618731289925409556e+01 3.626650558912312761e+01 3.634647090211919362e+01 3.642717243847727815e+01 3.650857234717835809e+01 3.659063143293365528e+01 3.667330926840698879e+01 3.675656431079686115e+01 3.684035402188361985e+01 3.692463499064256638e+01 3.700936305753063493e+01 3.709449343957184908e+01 3.717998085539431941e+01 3.726577964940786813e+01 3.735184391435538487e+01 3.743812761152202029e+01 3.752458468794226576e+01 3.761116919000566838e+01 3.769783537292529729e+01 3.778453780559815556e+01 3.787123147045348048e+01 3.795787185795007446e+01 3.804441505544933477e+01 3.813081783025295124e+01 3.821703770665496336e+01 3.830303303691480465e+01 3.838876306611137323e+01 3.847418799088766406e+01 3.855926901214069602e+01 3.864396838175195370e+01 3.872824944349014942e+01 3.881207666824938229e+01 3.889541568381336845e+01 3.897823329935921066e+01 3.906049752493315452e+01 3.914217758614550036e+01 3.922324393434357859e+01 3.930366825252904306e+01 3.938342345729119387e+01 3.946248369702957604e+01 3.954082434673900792e+01 3.961842199962730859e+01 3.969525445583152390e+01 3.977130070849204913e+01 3.984654092743667064e+01
3.639310725531302637e+01 3.646268872263013350e+01 3.653316617602711602e+01 3.660451542937978786e+01 3.667671053402744974e+01 3.674972383136947229e+01 3.682352601383614399e+01 3.689808619378599985e+01 3.697337197980912293e+01 3.704934955985125811e+01 3.712598379051726738e+01 3.720323829186596498e+01 3.728107554697143655e+01 3.735945700549905979e+01 3.743834319052800197e+01 3.751769380784503483e+01 3.759746785693752713e+01 3.767762374292534133e+01 3.775811938869196638e+01 3.783891234650324975e+01 3.791995990843696518e+01 3.800121921498748634e+01 3.808264736125545369e+01 3.816420150018215907e+01 3.824583894234093862e+01 3.832751725185264036e+01 3.840919433804806715e+01 3.849082854255613029e+01 3.857237872155221226e+01 3.865380432295525281e+01 3.873506545841468096e+01 3.881612296997820977e+01 3.889693849137871950e+01 3.897747450392272128e+01 3.905769438700313145e+01 3.913756246329649002e+01 3.921704403873782496e+01 3.929610543739595130e+01 3.937471403139792869e+01 3.945283826607329303e+01 3.953044768050769164e+01 3.960751292371032406e+01 3.968400576661197476e+01 3.975989911011929934e+01 3.983516698945731349e+01 3.990978457503575783e+01 3.998372817007651747e+01 4.005697520523853683e+01 4.012950423047436743e+01 4.020129490434831609e+01 4.027232798104088118e+01
3.705094977469546791e+01 3.711628057107225942e+01 3.718244737064968319e+01 3.724942792168556593e+01 3.731719837364525461e+01 3.738573332201607258e+01 3.745500586051435477e+01 3.752498764032340262e+01 3.759564893593765333e+01 3.766695871713174171e+01 3.773888472652301118e+01 3.781139356215382463e+01 3.788445076448580551e+01 3.795802090717166521e+01 3.803206769095282880e+01 3.810655404002133650e+01 3.818144220018307777e+01 3.825669383816565983e+01 3.833227014142773470e+01 3.840813191784677372e+01 3.848423969468831274e+01 3.856055381629155931e+01 3.863703453994180137e+01 3.871364212944019556e+01 3.879033694592414605e+01 3.886707953553626282e+01 3.894383071358635817e+01 3.902055164489783579e+01 3.909720392007680800e+01 3.917374962748883149e+01 3.925015142077314323e+01 3.932637258176824702e+01 3.940237707876395490e+01 3.947812962003445847e+01 3.955359570264342750e+01 3.962874165654594805e+01 3.970353468404275077e+01 3.977794289466996247e+01 3.985193533563212753e+01 3.992548201790773987e+01 3.999855393817509963e+01 4.007112309672180572e+01 4.014316251151399229e+01 4.021464622861167726e+01 4.028554932912413022e+01 4.035584793290456673e+01 4.042551919918696512e+01 4.049454132436881793e+01 4.056289353714355883e+01 4.063055609118450207e+01 4.069751025557874868e+01
