5.704005250766462122e-03 6.446520650201085535e-03 7.212274381372961278e-03 8.002181458564131683e-03 8.817200653948798622e-03 9.658336956507243207e-03 1.052664419015708272e-02 1.142322780298835223e-02 1.234924784024029124e-02 1.330592211493843158e-02 1.429452959116415782e-02 1.531641399624943112e-02 1.637298767956638784e-02 1.746573573714772787e-02 1.859622042297808669e-02 1.976608586962632849e-02 2.097706314287282187e-02 2.223097565704639997e-02 2.352974498014710411e-02 2.487539706021228356e-02 2.627006890709514958e-02 2.771601576654799184e-02 2.921561882649839625e-02 3.077139349843993274e-02 3.238599832007274526e-02 3.406224452847502610e-02 3.580310635632268090e-02 3.761173210672524164e-02 3.949145606502896255e-02 4.144581130845657879e-02 4.347854347623578142e-02 4.559362556396922422e-02 4.779527380597951153e-02 5.008796470790600336e-02 5.247645328863175668e-02 5.496579258523429101e-02 5.756135446647557552e-02 6.026885178911726981e-02 6.309436191622140588e-02 6.604435159721930293e-02 6.912570318524340063e-02 7.234574213754157990e-02 7.571226570920758236e-02 7.923357270877605385e-02 8.291849413615309805e-02 8.677642446911831842e-02 9.081735330456018607e-02 9.505189699557754779e-02 9.949132985687467179e-02 1.041476144402411902e-01 1.090334303119300935e-01
1.248058507786680392e-02 1.336926855107444315e-02 1.428648428788958230e-02 1.523338651867240517e-02 1.621118621798072618e-02 1.722115438902317719e-02 1.826462556792332256e-02 1.934300156456157313e-02 2.045775545823981176e-02 2.161043586790804133e-02 2.280267151843973911e-02 2.403617612623111521e-02 2.531275362938361154e-02 2.663430378985764263e-02 2.800282819726990571e-02 2.942043670641346712e-02 3.088935434321708057e-02 3.241192871646730173e-02 3.399063797555020722e-02 3.562809935726065497e-02 3.732707836770388088e-02 3.909049864812843417e-02 4.092145257636244787e-02 4.282321265791879522e-02 4.479924376304897371e-02 4.685321626756355773e-02 4.898902015599982535e-02 5.121078014554758528e-02 5.352287188757340330e-02 5.592993930033380440e-02 5.843691308124965289e-02 6.104903043928733286e-02 6.377185607724311645e-02 6.661130443953156011e-02 6.957366322282813875e-02 7.266561812418968758e-02 7.589427877357718399e-02 7.926720576465894064e-02 8.279243865892313425e-02 8.647852479368023371e-02 9.033454867417829715e-02 9.437016167453735060e-02 9.859561171197066265e-02 1.030217724951776881e-01 1.076601718824215931e-01 1.125230188198527576e-01 1.176232282689246011e-01 1.229744434767857802e-01 1.285910548991737734e-01 1.344882150565010481e-01 1.406818485951943642e-01
2.005882423043424054e-02 2.111578884105914933e-02 2.220752228499753636e-02 2.333546787844146056e-02 2.450114182912042915e-02 2.570613757990950626e-02 2.695213045203075780e-02 2.824088261119921464e-02 2.957424838201959741e-02 3.095417993803277132e-02 3.238273339701205900e-02 3.386207535342429520e-02 3.539448988247859834e-02 3.698238605270764978e-02 3.862830598664141607e-02 4.033493351178625563e-02 4.210510344673835947e-02 4.394181156971854740e-02 4.584822531910581062e-02 4.782769527750820038e-02 4.988376749230535173e-02 5.202019668640771310e-02 5.424096041278023139e-02 5.655027420499672552e-02 5.895260777327269996e-02 6.145270229075937285e-02 6.405558880808676081e-02 6.676660782454485465e-02 6.959143003181984810e-02 7.253607822984770026e-02 7.560695039432811793e-02 7.881084385061648545e-02 8.215498047922341340e-02 8.564703284346938950e-02 8.929515108983113181e-02 9.310799042619960497e-02 9.709473893310303916e-02 1.012651454081436864e-01 1.056295468858316350e-01 1.101988954147263833e-01 1.149847836133659762e-01 1.199994684682114954e-01 1.252558927837338076e-01 1.307677036504677481e-01 1.365492672651672512e-01 1.426156794230936109e-01 1.489827710103043268e-01 1.556671078591961854e-01 1.626859843979747700e-01 1.700574106290222987e-01 1.778000921159034464e-01
2.850057993375109192e-02 2.974999673388232374e-02 3.104147192761240806e-02 3.237679518753510538e-02 3.375784896409246560e-02 3.518661416850026036e-02 3.666517625683621967e-02 3.819573174635392671e-02 3.978059519747255413e-02 4.142220669721385223e-02 4.312313988225377481e-02 4.488611054212639229e-02 4.671398584539322718e-02 4.860979423371096508e-02 5.057673603056769135e-02 5.261819481288305955e-02 5.473774959454016931e-02 5.693918787100366724e-02 5.922651957333874284e-02 6.160399197774003160e-02 6.407610561307348906e-02 6.664763120328220936e-02 6.932362767369468215e-02 7.210946123973850652e-02 7.501082558295200930e-02 7.803376310206558419e-02 8.118468720585177156e-02 8.447040558911524111e-02 8.789814440319372590e-02 9.147557319759935801e-02 9.521083046976661080e-02 9.911254961551466125e-02 1.031898850241521892e-01 1.074525380098161342e-01 1.119107822156882454e-01 1.165754880718089526e-01 1.214581458319463347e-01 1.265708866631913287e-01 1.319265012162693651e-01 1.375384550687358265e-01 1.434209004109562313e-01 1.495886833406528671e-01 1.560573461502058890e-01 1.628431240365122989e-01 1.699629357407852759e-01 1.774343677385924190e-01 1.852756517525711577e-01 1.935056355526469651e-01 2.021437472419340686e-01 2.112099534980790283e-01 2.207247125451677616e-01
3.786896544682966104e-02 3.933709830760758613e-02 4.085574732418885413e-02 4.242711370356234274e-02 4.405351565247405538e-02 4.573739571577286472e-02 4.748132863692307304e-02 4.928802977906227012e-02 5.116036414684090039e-02 5.310135605110374857e-02 5.511419945995305048e-02 5.720226908074937944e-02 5.936913221801277951e-02 6.161856145188825823e-02 6.395454818039049416e-02 6.638131706611127836e-02 6.890334142378956583e-02 7.152535957922383225e-02 7.425239222159117636e-02 7.708976076051646253e-02 8.004310668531341988e-02 8.311841190666037493e-02 8.632202004006724050e-02 8.966065856551153068e-02 9.314146176842674762e-02 9.677199433350032465e-02 1.005602754246973790e-01 1.045148030425815666e-01 1.086445784038925361e-01 1.129591300392091685e-01 1.174685372533244149e-01 1.221834525413834638e-01 1.271151225034321264e-01 1.322754067536329736e-01 1.376767942803274192e-01 1.433324166830848567e-01 1.492560576964232499e-01 1.554621584109228682e-01 1.619658176255666104e-01 1.687827868142323662e-01 1.759294592686670433e-01 1.834228530934659263e-01 1.912805878782065094e-01 1.995208550595600205e-01 2.081623822116909772e-01 2.172243917641874522e-01 2.267265549385888423e-01 2.366889420093956364e-01 2.471319703227073672e-01 2.580763518311240401e-01 2.695430422102961243e-01
4.822864919024085623e-02 4.994389343966550154e-02 5.171939920527179185e-02 5.355785249866276687e-02 5.546208540218602184e-02 5.743508537699328065e-02 5.948000522112027733e-02 6.160017371842630568e-02 6.379910701943063145e-02 6.608052079439269422e-02 6.844834319746016804e-02 7.090672867778859134e-02 7.346007266935244973e-02 7.611302718493748176e-02 7.887051733178299107e-02 8.173775875557905135e-02 8.472027600621657994e-02 8.782392180209219745e-02 9.105489714981676586e-02 9.441977225243483596e-02 9.792550811161471191e-02 1.015794786975795921e-01 1.053894935247583070e-01 1.093638204316701168e-01 1.135112083205894046e-01 1.178409095669617213e-01 1.223627017612194945e-01 1.270869083981909786e-01 1.320244180830991709e-01 1.371867017807881228e-01 1.425858275987093304e-01 1.482344725672780639e-01 1.541459308672479822e-01 1.603341179560158203e-01 1.668135700675123512e-01 1.735994386073158036e-01 1.807074790395966080e-01 1.881540339688690389e-01 1.959560102596310804e-01 2.041308502125785684e-01 2.126964970267239130e-01 2.216713550209349348e-01 2.310742453616936032e-01 2.409243583395277721e-01 2.512412035451496717e-01 2.620445596050822168e-01 2.733544254301139564e-01 2.851909751901340329e-01 2.975745194353492939e-01 3.105254749150097582e-01 3.240643456783247611e-01
5.964633124925826368e-02 6.163925841284777218e-02 6.370360151182154207e-02 6.584261213728176410e-02 6.805972209903862757e-02 7.035855493522860660e-02 7.274293817618238123e-02 7.521691639469813007e-02 7.778476507075225699e-02 8.045100529286364210e-02 8.322041931065346509e-02 8.609806694315484676e-02 8.908930283499044700e-02 9.219979453709700734e-02 9.543554137025650475e-02 9.880289400774258657e-02 1.023085746878830138e-01 1.059596979382305820e-01 1.097637916601009456e-01 1.137288183860065416e-01 1.178631964830213624e-01 1.221758210333300787e-01 1.266760840796490872e-01 1.313738938795572520e-01 1.362796927700990202e-01 1.414044732048024555e-01 1.467597914913674195e-01 1.523577787327917987e-01 1.582111484605531193e-01 1.643332004489397591e-01 1.707378202185222682e-01 1.774394737773497821e-01 1.844531972145884713e-01 1.917945808558261245e-01 1.994797478148110370e-01 2.075253269345513907e-01 2.159484203018183779e-01 2.247665657417021179e-01 2.339976949499855408e-01 2.436600881949990138e-01 2.537723268092095252e-01 2.643532449835239162e-01 2.754218826604393766e-01 2.869974415800097267e-01 2.990992467467601945e-01 3.117467157366196617e-01 3.249593383300702909e-01 3.387566689211086168e-01 3.531583339927450993e-01 3.681840566534081427e-01 3.838536997840485410e-01
7.219136584056276562e-02 7.449476962785887835e-02 7.688227125345298285e-02 7.935777410456286429e-02 8.192540063469844203e-02 8.458950609118139063e-02 8.735469302611957587e-02 9.022582659503454450e-02 9.320805063598633367e-02 9.630680450825482297e-02 9.952784065297587413e-02 1.028772428183827442e-01 1.063614448693654402e-01 1.099872500747159504e-01 1.137618507358058306e-01 1.176928479875903460e-01 1.217882715670785959e-01 1.260565993063266221e-01 1.305067760672660726e-01 1.351482317954813273e-01 1.399908983305203081e-01 1.450452245733940826e-01 1.503221895795203711e-01 1.558333131198673671e-01 1.615906632371979512e-01 1.676068603212675645e-01 1.738950772393701716e-01 1.804690350906318630e-01 1.873429942066677512e-01 1.945317401008763714e-01 2.020505641763891136e-01 2.099152391400387896e-01 2.181419892377051695e-01 2.267474556244259143e-01 2.357486574083861308e-01 2.451629491574148223e-01 2.550079759232814491e-01 2.653016271143742166e-01 2.760619908199362094e-01 2.873073104452181781e-01 2.990559457410832400e-01 3.113263404861333350e-01 3.241369991855569399e-01 3.375064751701938870e-01 3.514533723932480869e-01 3.659963630152926473e-01 3.811542225276469686e-01 3.969458836826661452e-01 4.133905098748501539e-01 4.305075878548447199e-01 4.483170387727786199e-01
8.593646588703868217e-02 8.858539323408123889e-02 9.133273328275567926e-02 9.418312847638396490e-02 9.714148248742626723e-02 1.002129757919743569e-01 1.034030819141015106e-01 1.067175842910132455e-01 1.101625936895671426e-01 1.137445660815091519e-01 1.174703208584270547e-01 1.213470592381646063e-01 1.253823826823799725e-01 1.295843111107026491e-01 1.339613006608104950e-01 1.385222607069470646e-01 1.432765698127806409e-01 1.482340902595655208e-01 1.534051807591745586e-01 1.588007069355233669e-01 1.644320491397886497e-01 1.703111071571558888e-01 1.764503013684315669e-01 1.828625699518486303e-01 1.895613617515848059e-01 1.965606245029388466e-01 2.038747881923267113e-01 2.115187434450959969e-01 2.195078149771677034e-01 2.278577303176436697e-01 2.365845842076869654e-01 2.457047993034928990e-01 2.552350840532920939e-01 2.651923888733601631e-01 2.755938620070590428e-01 2.864568067028063214e-01 2.977986415782485907e-01 3.096368662337223299e-01 3.219890343217371997e-01 3.348727363534266255e-01 3.483055945105203999e-01 3.623052716161908604e-01 3.768894961863856752e-01 3.920761051243316642e-01 4.078831051291534338e-01 4.243287532649910876e-01 4.414316563862171749e-01 4.592108882517870749e-01 4.776861222091277059e-01 4.968777763149782034e-01 5.168071667237427169e-01
1.009583902603943817e-01 1.039901267084670233e-01 1.071362999656199633e-01 1.104023723470217572e-01 1.137941101109014030e-01 1.173175999553268400e-01 1.209792658619668615e-01 1.247858861602647029e-01 1.287446106570443449e-01 1.328629776461690559e-01 1.371489305802840730e-01 1.416108341533710568e-01 1.462574895088885052e-01 1.510981482555626421e-01 1.561425249422555839e-01 1.614008076169788364e-01 1.668836660746002565e-01 1.726022573857175224e-01 1.785682282978196256e-01 1.847937141119029292e-01 1.912913336660378161e-01 1.980741801044619554e-01 2.051558071793539995e-01 2.125502109245833715e-01 2.202718066580172107e-01 2.283354014124220066e-01 2.367561620640974418e-01 2.455495796219928084e-01 2.547314303548040559e-01 2.643177346649496218e-01 2.743247148594070151e-01 2.847687532096332408e-01 2.956663519253365791e-01 3.070340968771938517e-01 3.188886270773757525e-01 3.312466120487819743e-01 3.441247392680819583e-01 3.575397138384825979e-01 3.715082724209529674e-01 3.860472132152308333e-01 4.011734434250542325e-01 4.169040451612232023e-01 4.332563601317213076e-01 4.502480927472473637e-01 4.678974304465761680e-01 4.862231791398929914e-01 5.052449107070415835e-01 5.249831185055128246e-01 5.454593758788855995e-01 5.666964917539754065e-01 5.887186566191093817e-01
1.173384811612598333e-01 1.207924448181559030e-01 1.243786027838464231e-01 1.281033007819044334e-01 1.319732274264610039e-01 1.359954300734738664e-01 1.401773304504261852e-01 1.445267398485505228e-01 1.490518736308591441e-01 1.537613647786042204e-01 1.586642761695004622e-01 1.637701112545073279e-01 1.690888227778142294e-01 1.746308191687137856e-01 1.804069682266352947e-01 1.864285977237393199e-01 1.927074925658655014e-01 1.992558881845882812e-01 2.060864598831786687e-01 2.132123079295910051e-01 2.206469382820709924e-01 2.284042389489062963e-01 2.364984521238127635e-01 2.449441424019404567e-01 2.537561615670478332e-01 2.629496106446790882e-01 2.725398001348689481e-01 2.825422095642043385e-01 2.929724477230908342e-01 3.038462151694425462e-01 3.151792707733480081e-01 3.269874042350172649e-01 3.392864166168668150e-01 3.520921109748739175e-01 3.654202951404518229e-01 3.792867985785178253e-01 3.937075050191732317e-01 4.086984022211149759e-01 4.242756497703306096e-01 4.404556652483120338e-01 4.572552284261428568e-01 4.746916023664237150e-01 4.927826694628417159e-01 5.115470795418337602e-01 5.310044062228840289e-01 5.511753068190348159e-01 5.720816801962433917e-01 5.937468162410731720e-01 6.161955299525619933e-01 6.394542727170410279e-01 6.635512130812809550e-01
1.351628956498137635e-01 1.390803824349368112e-01 1.431494983305218738e-01 1.473775051589105711e-01 1.517720371473737784e-01 1.563411139883157386e-01 1.610931528893990161e-01 1.660369793218341716e-01 1.711818361518761544e-01 1.765373908220680965e-01 1.821137402362824342e-01 1.879214129985714854e-01 1.939713686619406463e-01 2.002749936619556692e-01 2.068440936435636812e-01 2.136908819401560078e-01 2.208279640332366511e-01 2.282683179112288407e-01 2.360252703575899669e-01 2.441124693322003214e-01 2.525438527653425247e-01 2.613336142587602273e-01 2.704961663806074168e-01 2.800461024459154902e-01 2.899981578858376041e-01 3.003671725195086184e-01 3.111680552429304525e-01 3.224157528289839925e-01 3.341252246795439751e-01 3.463114254718493434e-01 3.589892976836127625e-01 3.721737759514392452e-01 3.858798051032591991e-01 4.001223734969336365e-01 4.149165629863599269e-01 4.302776164190170172e-01 4.462210230447980486e-01 4.627626215901993190e-01 4.799187200347574400e-01 4.977062303339790938e-01 5.161428154867211404e-01 5.352470454717419557e-01 5.550385577096437206e-01 5.755382168778780949e-01 5.967682681552191060e-01 6.187524773368795472e-01 6.415162507797772529e-01 6.650867278447905040e-01 6.894928384303571356e-01 7.147653183650197750e-01 7.409366758638892270e-01
1.545223678951591628e-01 1.589460869301152490e-01 1.635423813235145629e-01 1.683194162314127496e-01 1.732857429722673981e-01 1.784503068456196884e-01 1.838224530428821391e-01 1.894119303298397172e-01 1.952288921784829379e-01 2.012838950337553501e-01 2.075878934203675974e-01 2.141522316283598903e-01 2.209886317652607068e-01 2.281091780294057791e-01 2.355262971446595577e-01 2.432527350022674062e-01 2.513015296813971844e-01 2.596859811652605377e-01 2.684196182334464553e-01 2.775161631902162696e-01 2.869894952792996223e-01 2.968536138326763330e-01 3.071226023971970198e-01 3.178105952702304782e-01 3.289317480443791908e-01 3.405002139007216044e-01 3.525301274884524716e-01 3.650355982741163574e-01 3.780307152239189561e-01 3.915295645867493679e-01 4.055462623635345265e-01 4.200950027733753034e-01 4.351901236533841644e-01 4.508461892569568530e-01 4.670780903474808232e-01 4.839011608295563649e-01 5.013313094309527207e-01 5.193851641639963823e-01 5.380802264782849065e-01 5.574350311948294001e-01 5.774693075162065092e-01 5.982041356716518710e-01 6.196620931150346179e-01 6.418673836823163281e-01 6.648459427665797117e-01 6.886255114133381650e-01 7.132356723023168810e-01 7.387078408843072985e-01 7.650752054958462889e-01 7.923726110854745208e-01 8.206363822491041793e-01
1.755113509473441302e-01 1.804846960213010720e-01 1.856527731784317625e-01 1.910245797076953467e-01 1.966094912426868679e-01 2.024172620633825082e-01 2.084580226788043666e-01 2.147422744225699620e-01 2.212808808254202175e-01 2.280850555754811992e-01 2.351663469396637896e-01 2.425366185995737889e-01 2.502080269534383561e-01 2.581929950521106854e-01 2.665041834718575031e-01 2.751544585779462926e-01 2.841568587986831318e-01 2.935245597062079992e-01 3.032708388829530866e-01 3.134090417355101521e-01 3.239525495931419585e-01 3.349147515877890502e-01 3.463090219466232744e-01 3.581487044263943487e-01 3.704471056702268172e-01 3.832174992612078501e-01 3.964731421727696326e-01 4.102273051642147950e-01 4.244933184335961118e-01 4.392846335143837377e-01 4.546149019854148210e-01 4.704980710573191671e-01 4.869484955090252476e-01 5.039810647857260184e-01 5.216113433497535645e-01 5.398557216177538587e-01 5.587315740449537715e-01 5.782574201571045736e-01 5.984530836126791264e-01 6.193398437332787720e-01 6.409405734010145128e-01 6.632798568187057153e-01 6.863840803914224020e-01 7.102814899417211336e-01 7.350022076373469160e-01 7.605782024045780743e-01 7.870432082319593903e-01 8.144325856392958807e-01 8.427831226887745331e-01 8.721327732340050654e-01 9.025203316141598986e-01
1.982264192318002327e-01 2.037924416148911844e-01 2.095761125999442698e-01 2.155871238708481630e-01 2.218355122153941872e-01 2.283316508283472490e-01 2.350862374239687802e-01 2.421102790448159126e-01 2.494150735271898345e-01 2.570121876736942146e-01 2.649134322901557925e-01 2.731308343675959427e-01 2.816766068286182256e-01 2.905631164097067787e-01 2.998028504134319094e-01 3.094083832333185402e-01 3.193923437239162277e-01 3.297673846529192709e-01 3.405461556236187848e-01 3.517412809858116995e-01 3.633653443525174387e-01 3.754308813983694426e-01 3.879503826238434039e-01 4.009363077177169332e-01 4.144011130298487222e-01 4.283572934702418178e-01 4.428174398732226402e-01 4.577943125047903572e-01 4.733009309472879234e-01 4.893506800726578065e-01 5.059574312213994673e-01 5.231356770511805809e-01 5.409006778225676770e-01 5.592686161693689595e-01 5.782567566807892412e-01 5.978836059274965642e-01 6.181690679219100648e-01 6.391345894427985508e-01 6.608032892048611995e-01 6.832000645422420249e-01 7.063516691268985070e-01 7.302867552797648321e-01 7.550358746727667825e-01 7.806314316750082583e-01 8.071075842731840755e-01 8.345000883936632974e-01 8.628460825638105680e-01 8.921838111568892726e-01 9.225522859443211487e-01 9.539908872991910149e-01 9.865389081154347650e-01
2.227638638621628475e-01 2.289639427330285582e-01 2.354047485986597854e-01 2.420964632398004412e-01 2.490495544743075440e-01 2.562747584018869040e-01 2.637830585815924000e-01 2.715856622842879320e-01 2.796939740743235592e-01 2.881195671009627035e-01 2.968741526187900215e-01 3.059695484050943826e-01 3.154176468973519665e-01 3.252303840311187577e-01 3.354197099121543069e-01 3.459975625999964222e-01 3.569758464060202585e-01 3.683664162091048189e-01 3.801810693575042310e-01 3.924315467478586283e-01 4.051295446423596736e-01 4.182867386950018807e-01 4.319148215007063696e-01 4.460255547511301488e-01 4.606308367752099397e-01 4.757427858600051795e-01 4.913738392905238062e-01 5.075368675214592118e-01 5.242453023083774033e-01 5.415132769932852197e-01 5.593557764760898054e-01 5.777887937282077946e-01 5.968294890397861652e-01 6.164963475615434785e-01 6.368093301317524491e-01 6.577900118943870167e-01 6.794617028414939863e-01 7.018495441758770825e-01 7.249805743111094047e-01 7.488837584236471834e-01 7.735899757611796046e-01 7.991319594021197847e-01 8.255441838577660674e-01 8.528626968091488347e-01 8.811248923662999832e-01 9.103692245128859328e-01 9.406348608306334125e-01 9.719612781551710823e-01 1.004387803459859896e+00 1.037953104952338279e+00 1.072694640048970971e+00
2.492164800638020650e-01 2.560887271531688825e-01 2.632242207232594056e-01 2.706333722788799578e-01 2.783267986358471946e-01 2.863152969451277507e-01 2.946098175543089281e-01 3.032214351725940893e-01 3.121613189408318223e-01 3.214407021500923500e-01 3.310708524971050504e-01 3.410630439076939857e-01 3.514285310947062313e-01 3.621785281382133292e-01 3.733241924759590491e-01 3.848766157633523588e-01 3.968468230969109944e-01 4.092457820850031736e-01 4.220844231874147923e-01 4.353736726241304034e-01 4.491244989680837074e-01 4.633479742828008896e-01 4.780553503420094108e-01 4.932581500752480919e-01 5.089682739247385346e-01 5.251981202808899685e-01 5.419607185965139573e-01 5.592698731758614095e-01 5.771403150097467183e-01 5.955878584007937571e-01 6.146295585135114203e-01 6.342838654151046196e-01 6.545707696674383236e-01 6.755119341120821019e-01 6.971308061815474355e-01 7.194527048921657286e-01 7.425048766469291017e-01 7.663165141161021321e-01 7.909187327824346303e-01 8.163445002442172305e-01 8.426285140667375551e-01 8.698070248581393216e-01 8.979176023110559957e-01 9.269988431814097929e-01 9.570900215487176954e-01 9.882306831896471300e-01 1.020460187462595592e+00 1.053817201704407625e+00 1.088339154733109382e+00 1.124061657580929685e+00 1.161017900994572694e+00
2.776696276830343812e-01 2.852471088507617658e-01 2.931090019540955605e-01 3.012656537670729273e-01 3.097275231630592929e-01 3.185051528190852577e-01 3.276091404937985230e-01 3.370501106782108902e-01 3.468386875506107025e-01 3.569854702940286617e-01 3.675010119506605388e-01 3.783958030868723732e-01 3.896802616177114098e-01 4.013647301845995607e-01 4.134594824865961415e-01 4.259747399277802327e-01 4.389206998541936300e-01 4.523075765083321986e-01 4.661456556228990022e-01 4.804453633062472084e-01 4.952173495389674551e-01 5.104725862064065645e-01 5.262224791398907309e-01 5.424789931371724050e-01 5.592547883900960137e-01 5.765633661770244167e-01 5.944192210944446719e-01 6.128379965233966553e-01 6.318366394710539513e-01 6.514335504160557733e-01 6.716487233389965006e-01 6.925038707577980679e-01 7.140225283316468108e-01 7.362301334659573371e-01 7.591540723611336361e-01 7.828236901142462401e-01 8.072702588159129666e-01 8.325268990917464862e-01 8.586284512214110709e-01 8.856112928258845773e-01 9.135131011372005227e-01 9.423725590407838748e-01 9.722290053883471117e-01 1.003122031492871047e+00 1.035091027203574487e+00 1.068174681479229227e+00 1.102410443888507618e+00 1.137833954917536916e+00 1.174478454305840858e+00 1.212374177809261599e+00 1.251547753750261505e+00
3.081967400566459903e-01 3.165056438315961840e-01 3.251179730115643651e-01 3.340437136999884205e-01 3.432928720948370538e-01 3.528754485868286217e-01 3.628014138701754487e-01 3.730806881307994205e-01 3.837231244736919455e-01 3.947384978286038737e-01 4.061365006253686016e-01 4.179267465505847601e-01 4.301187836798433528e-01 4.427221182183854742e-01 4.557462499725811744e-01 4.692007205109660073e-01 4.830951747534556473e-01 4.974394364497463084e-01 5.122435976730200791e-01 5.275181220658498038e-01 5.432739611363330834e-01 5.595226824215265848e-01 5.762766078216904342e-01 5.935489598748705520e-01 6.113540132009060990e-01 6.297072478129031037e-01 6.486255004899716958e-01 6.681271099456762563e-01 6.882320511310801026e-01 7.089620536980323351e-01 7.303406994354267878e-01 7.523934933955661597e-01 7.751479034641006738e-01 7.986333633084388151e-01 8.228812339752366034e-01 8.479247199043215000e-01 8.737987357861242144e-01 9.005397215104979924e-01 9.281854034293086642e-01 9.567745012710521246e-01 9.863463812847979018e-01 1.016940657528696779e+00 1.048596744625344135e+00 1.081353366746449440e+00 1.115248029021781218e+00 1.150316458946758935e+00 1.186592026640949760e+00 1.224105153936230872e+00 1.262882723199014290e+00 1.302947497469216787e+00 1.344317563888377309e+00
3.408545598137542321e-01 3.499124858495771817e-01 3.592899875330691772e-01 3.689964330915287416e-01 3.790411367806595933e-01 3.894333422174572901e-01 4.001822105554768694e-01 4.112968146911597511e-01 4.227861407205639743e-01 4.346590978647535963e-01 4.469245380436297488e-01 4.595912861975090524e-01 4.726681823288069184e-01 4.861641360595962968e-01 5.000881942727370966e-01 5.144496221240894007e-01 5.292579973823453576e-01 5.445233176745027937e-01 5.602561197941051674e-01 5.764676097732848170e-01 5.931698019378860431e-01 6.103756646685204457e-01 6.280992700925340788e-01 6.463559444467621429e-01 6.651624153944466489e-01 6.845369521680013669e-01 7.044994940591504662e-01 7.250717625060485449e-01 7.462773518490827263e-01 7.681417937583177036e-01 7.906925903891943719e-01 8.139592115104997694e-01 8.379730511786400715e-01 8.627673400105883017e-01 8.883770097369424468e-01 9.148385074945103446e-01 9.421895582387407320e-01 9.704688747089882384e-01 9.997158155479856090e-01 1.029969993438999420e+00 1.061270836453001909e+00 1.093657107160681763e+00 1.127166385422821326e+00 1.161834522085070542e+00 1.197695072024440366e+00 1.234778716077811422e+00 1.273112682280576946e+00 1.312720177511765396e+00 1.353619841040671012e+00 1.395825231566596880e+00 1.439344359114378191e+00
3.756784849195211051e-01 3.854930572863018989e-01 3.956399665945803945e-01 4.061277876940756482e-01 4.169650027809036485e-01 4.281600008958672543e-01 4.397210850352690770e-01 4.516564879910223151e-01 4.639743979809158314e-01 4.766829950340463196e-01 4.897904989572958723e-01 5.033052295240424412e-01 5.172356792949135418e-01 5.315905992023945981e-01 5.463790967085371264e-01 5.616107459811982006e-01 5.772957091344811387e-01 5.934448671503798067e-01 6.100699586498496974e-01 6.271837242230016152e-01 6.448000535715623371e-01 6.629341322755043509e-01 6.816025845833927344e-01 7.008236082574359482e-01 7.206170971941581183e-01 7.410047473047103317e-01 7.620101409894391997e-01 7.836588054926728608e-01 8.059782404877319228e-01 8.289979104292745093e-01 8.527491975282845971e-01 8.772653116598292389e-01 9.025811541075889899e-01 9.287331327810424142e-01 9.557589274059901108e-01 9.836972041772746866e-01 1.012587280460017780e+00 1.042468741312710723e+00 1.073381010857755724e+00 1.105362882812537473e+00 1.138452015782140059e+00 1.172684400164552887e+00 1.208093804688296302e+00 1.244711211646831961e+00 1.282564250769373304e+00 1.321676642331417240e+00 1.362067660521446788e+00 1.403751628211072688e+00 1.446737454100026410e+00 1.491028222712314166e+00 1.536620846904309889e+00
4.126785013274967273e-01 4.232465253552716300e-01 4.341560145602232912e-01 4.454146961579014130e-01 4.570302167519421643e-01 4.690101638088453595e-01 4.813620969492083956e-01 4.940935898877865662e-01 5.072122837072222667e-01 5.207259519614164667e-01 5.346425778737435852e-01 5.489704436233746598e-01 5.637182314021178531e-01 5.788951355779365926e-01 5.945109849249015088e-01 6.105763734793788755e-01 6.271027981669210494e-01 6.441028009229459173e-01 6.615901126137859745e-01 6.795797956643880866e-01 6.980883819276080260e-01 7.171340020002940907e-01 7.367365019166001172e-01 7.569175429420894607e-01 7.777006800658576857e-01 7.991114147541006352e-01 8.211772175980837085e-01 8.439275166715780596e-01 8.673936477153532110e-01 8.916087626943252076e-01 9.166076938292775367e-01 9.424267708892311024e-01 9.691035903385325501e-01 9.966767358565914448e-01 1.025185450775426332e+00 1.054669264093734737e+00 1.085167572903875888e+00 1.116719185283016946e+00 1.149361828919923223e+00 1.183131631938655115e+00 1.218062583500360230e+00 1.254185982773186936e+00 1.291529885715930526e+00 1.330118559782774712e+00 1.369971957086828063e+00 1.411105216727218004e+00 1.453528206864101335e+00 1.497245116703405543e+00 1.542254107825265175e+00 1.588547033266118902e+00 1.636109231466247316e+00
4.518362412538035611e-01 4.631436113354347461e-01 4.747980587394683427e-01 4.868065595921524658e-01 4.991760825978980853e-01 5.119136360368343741e-01 5.250263257568570374e-01 5.385214245208663764e-01 5.524064528429943888e-01 5.666892711846528430e-01 5.813781830846086462e-01 5.964820484706248038e-01 6.120104060484531372e-01 6.279736032932481393e-01 6.443829321862419857e-01 6.612507684544075559e-01 6.785907116921169324e-01 6.964177233821143842e-01 7.147482594992318194e-01 7.336003940857656058e-01 7.529939299437247158e-01 7.729504924080522477e-01 7.934936020574835380e-01 8.146487221967347869e-01 8.364432770150553864e-01 8.589066365003493742e-01 8.820700644724057682e-01 9.059666264983698980e-01 9.306310549713648905e-01 9.560995692695035686e-01 9.824096496642538145e-01 1.009599764507755015e+00 1.037709051187538423e+00 1.066776952379127730e+00 1.096842810232474985e+00 1.127945422272866427e+00 1.160122563951685670e+00 1.193410483914449483e+00 1.227843379126171142e+00 1.263452857968859977e+00 1.300267400262939965e+00 1.338311823824746227e+00 1.377606767619941941e+00 1.418168201775893866e+00 1.460006974650464695e+00 1.503128406804101536e+00 1.547531941081229157e+00 1.593210857081615028e+00 1.640152057111010198e+00 1.688335929272893887e+00 1.737736291741310612e+00
4.931037162084918046e-01 5.051262404495175939e-01 5.174984650241701845e-01 5.302268761078237080e-01 5.433180900577470052e-01 5.567789263715728909e-01 5.706164914738816041e-01 5.848382730944499119e-01 5.994522447211506622e-01 6.144669793046837469e-01 6.298917710657627733e-01 6.457367639139699467e-01 6.620130846375809064e-01 6.787329786731826076e-01 6.959099459211082195e-01 7.135588737467097875e-01 7.316961640080986706e-01 7.503398506881021612e-01 7.695097044920635732e-01 7.892273206141668940e-01 8.095161857830466268e-01 8.304017206822894570e-01 8.519112939120689898e-01 8.740742038224791344e-01 8.969216248140221559e-01 9.204865150713006372e-01 9.448034831755121044e-01 9.699086116306321337e-01 9.958392360351253636e-01 1.022633679430451803e+00 1.050330942250397914e+00 1.078970349268322915e+00 1.108591155975317655e+00 1.139232117899088959e+00 1.170931027464965579e+00 1.203724224076235139e+00 1.237646084117667300e+00 1.272728498527080809e+00 1.309000346398030201e+00 1.346486973734842163e+00 1.385209686944557816e+00 1.425185270887709077e+00 1.466425541296533908e+00 1.508936941087986483e+00 1.552720189542184936e+00 1.597769992488025315e+00 1.644074820550738281e+00 1.691616761197624941e+00 1.740371448804468812e+00 1.790308075302828872e+00 1.841389482211315265e+00
5.364042106178051883e-01 5.491094451029355783e-01 5.621649575679698030e-01 5.755771641399413108e-01 5.893528080431922334e-01 6.034990554824014586e-01 6.180236007269628296e-01 6.329347795197273197e-01 6.482416896320221111e-01 6.639543170740248579e-01 6.800836661510222259e-01 6.966418912384626516e-01 7.136424278395134824e-01 7.311001201959799189e-01 7.490313424554571053e-01 7.674541101632602613e-01 7.863881786560045217e-01 8.058551247938805506e-01 8.258784083896000272e-01 8.464834096823938836e-01 8.676974392736690467e-01 8.895497170942389120e-01 9.120713172182126627e-01 9.352950756805200605e-01 9.592554588973016827e-01 9.839883908323149297e-01 1.009531037696893119e+00 1.035921549711682932e+00 1.063198760287948907e+00 1.091401843893232915e+00 1.120569934835192960e+00 1.150741710209094437e+00 1.181954941284686811e+00 1.214246018629441703e+00 1.247649457246274629e+00 1.282197388911175295e+00 1.317919049694429523e+00 1.354840271303226373e+00 1.392982985359710657e+00 1.432364749996595465e+00 1.472998308187573269e+00 1.514891187013496454e+00 1.558045346588747604e+00 1.602456886635402977e+00 1.648115817707214381e+00 1.695005902852801061e+00 1.743104574100324822e+00 1.792382926586118197e+00 1.842805791486465727e+00 1.894331887200153330e+00 1.946914046526910358e+00
5.816356717147503907e-01 5.949857564395253373e-01 6.086859700149895858e-01 6.227432106771026987e-01 6.371649466123545658e-01 6.519593284323682569e-01 6.671353078613242449e-01 6.827027611586560241e-01 6.986726155107113589e-01 7.150569763385781208e-01 7.318692531912180943e-01 7.491242816308387731e-01 7.668384382779065422e-01 7.850297459746613526e-01 8.037179658559201467e-01 8.229246729927086612e-01 8.426733122058637226e-01 8.629892306409927549e-01 8.838996837608661394e-01 9.054338115531996856e-01 9.276225819773733505e-01 9.504986989877681758e-01 9.740964728779395454e-01 9.984516511905334735e-01 1.023601209032215298e+00 1.049583098317992347e+00 1.076435956238620317e+00 1.104198774088999579e+00 1.132910528500668867e+00 1.162609778070484490e+00 1.193334229348663289e+00 1.225120277117366596e+00 1.258002524827154245e+00 1.292013291931695118e+00 1.327182115638052107e+00 1.363535255237362520e+00 1.401095207666470444e+00 1.439880243245725389e+00 1.479903970616634146e+00 1.521174939746782862e+00 1.563696291467422617e+00 1.607465461359618430e+00 1.652473944915702431e+00 1.698707129792614845e+00 1.746144199670373709e+00 1.794758112770272751e+00 1.844515656518131985e+00 1.895377578209111791e+00 1.947298789896138693e+00 2.000228644138770218e+00 2.054111275766121292e+00
6.286766947299569086e-01 6.426320650114368815e-01 6.569382907651309944e-01 6.716033916548505012e-01 6.866362258242281191e-01 7.020466099983599939e-01 7.178454417259478859e-01 7.340448217912111106e-01 7.506581745757450186e-01 7.677003639160993043e-01 7.851878017894086126e-01 8.031385469736850302e-01 8.215723906786064346e-01 8.405109260336403043e-01 8.599775982608824920e-01 8.799977323567230725e-01 9.005985351669574257e-01 9.218090688703495239e-01 9.436601930922884351e-01 9.661844731578714818e-01 9.894160523665005424e-01 1.013390486629946352e+00 1.038144540363258761e+00 1.063715943150384424e+00 1.090143107419110580e+00 1.117464808144516208e+00 1.145719826444679068e+00 1.174946559821451242e+00 1.205182602713182671e+00 1.236464301942317157e+00 1.268826292532495792e+00 1.302301020207977000e+00 1.336918257642193186e+00 1.372704622160330290e+00 1.409683103092418843e+00 1.447872607289781621e+00 1.487287531434308363e+00 1.527937369667745848e+00 1.569826364734689950e+00 1.612953210264803872e+00 1.657310811021756702e+00 1.702886106933822141e+00 1.749659965518278515e+00 1.797607145951843899e+00 1.846696336563639296e+00 1.896890265981957535e+00 1.948145886602273835e+00 2.000414627513242394e+00 2.053642712570393325e+00 2.107771537991089961e+00 2.162738102699913068e+00
6.773948976917709697e-01 6.919186244924263596e-01 7.067965630937306232e-01 7.220385223459702129e-01 7.376554190146604739e-01 7.536593949080543364e-01 7.700639313787750462e-01 7.868839588853242528e-01 8.041359591092016590e-01 8.218380569581834605e-01 8.400100996523424124e-01 8.586737199928788922e-01 8.778523808616428559e-01 8.975713979975872281e-01 9.178579381522088410e-01 9.387409898452563350e-01 9.602513041305016372e-01 9.824213030442120465e-01 1.005284953749997712e+00 1.028877606815534751e+00 1.053235797560051701e+00 1.078397009994869427e+00 1.104399403538881330e+00 1.131281503419200085e+00 1.159081856454516224e+00 1.187838654750497547e+00 1.217589330695977967e+00 1.248370127514141226e+00 1.280215650470750477e+00 1.313158404644258814e+00 1.347228325892080303e+00 1.382452312273263262e+00 1.418853763681352742e+00 1.456452137774586486e+00 1.495262530439693816e+00 1.535295288971020300e+00 1.576555665875459811e+00 1.619043520720224727e+00 1.662753076727654822e+00 1.707672737901110516e+00 1.753784971359256151e+00 1.801066258292315370e+00 1.849487115569949491e+00 1.899012188569293880e+00 1.949600414300333817e+00 2.001205252433059023e+00 2.053774980425085328e+00 2.107253047655186950e+00 2.161578482328046391e+00 2.216686343961974615e+00 2.272508213530120003e+00
7.276571439398025198e-01 7.427195521793776845e-01 7.581439033193431154e-01 7.739424261570675423e-01 7.901287013580909901e-01 8.067177644904914846e-01 8.237262013983139841e-01 8.411722334234104093e-01 8.590757898658483160e-01 8.774585649872648219e-01 8.963440568153401289e-01 9.157575850067233292e-01 9.357262850767801288e-01 9.562790764128842325e-01 9.774466016595870776e-01 9.992611353034842603e-01 1.021756459597325639e+00 1.044967706349252179e+00 1.068931163565678855e+00 1.093684046474000748e+00 1.119264233061154190e+00 1.145709964939942482e+00 1.173059515088020088e+00 1.201350824782182691e+00 1.230621112857408050e+00 1.260906461236739329e+00 1.292241381482597262e+00 1.324658367887288080e+00 1.358187443323832788e+00 1.392855704689579976e+00 1.428686875266872436e+00 1.465700871670695182e+00 1.503913393229340922e+00 1.543335541631141394e+00 1.583973478454707484e+00 1.625828127774840315e+00 1.668894930402232912e+00 1.713163655481615866e+00 1.758618274157640382e+00 1.805236898846566795e+00 1.852991790357805701e+00 1.901849433731857220e+00 1.951770682243542998e+00 2.002710967607628678e+00 2.054620573063762556e+00 2.107444964753111716e+00 2.161125175669677656e+00 2.215598235509057101e+00 2.270797638972270605e+00 2.326653844530375714e+00 2.383094795325750859e+00
7.793407525732054530e-01 7.949238954670899693e-01 8.108826533014459326e-01 8.272322040275565946e-01 8.439892707903937641e-01 8.611722002827114641e-01 8.788010285337654048e-01 8.968975316318583690e-01 9.154852588384339018e-01 9.345895455510275784e-01 9.542375036183396997e-01 9.744579866089053688e-01 9.952815277905131541e-01 1.016740248795584112e+00 1.038867737232089805e+00 1.061698891853469329e+00 1.085269734325712498e+00 1.109617187125186533e+00 1.134778817664342965e+00 1.160792549369266125e+00 1.187696341115011656e+00 1.215527837151265445e+00 1.244323990407391500e+00 1.274120662835521056e+00 1.304952207212264348e+00 1.336851035551095190e+00 1.369847179953544769e+00 1.403967852321808873e+00 1.439237009841993320e+00 1.475674933500899400e+00 1.513297827096969028e+00 1.552117444228660270e+00 1.592140750577066610e+00 1.633369628435944243e+00 1.675800629880571879e+00 1.719424784214178548e+00 1.764227464401573187e+00 1.810188316116862151e+00 1.857281251825532165e+00 1.905474511026013840e+00 1.954730786432679501e+00 2.005007414533421350e+00 2.056256627644201362e+00 2.108425863352103136e+00 2.161458126126220236e+00 2.215292394915445939e+00 2.269864069770888726e+00 2.325105449947346248e+00 2.380946235563684787e+00 2.437314044738940311e+00 2.494134938163540927e+00
8.323445911331137648e-01 8.484461335201355370e-01 8.649441307766220222e-01 8.818570809670869259e-01 8.992051485382962506e-01 9.170102087878339026e-01 9.352958753321027885e-01 9.540875082194872903e-01 9.734122003755280028e-01 9.932987401555151141e-01 1.013777547920933886e+00 1.034880584754241495e+00 1.056641231686095139e+00 1.079094138132754788e+00 1.102275038631491455e+00 1.126220537417992551e+00 1.150967860910580454e+00 1.176554578746980662e+00 1.203018294653787956e+00 1.230396309106837727e+00 1.258725256449616747e+00 1.288040719860908734e+00 1.318376828283414293e+00 1.349765840120872085e+00 1.382237719159117972e+00 1.415819708742196870e+00 1.450535910713183441e+00 1.486406875986916010e+00 1.523449213836448823e+00 1.561675227027637725e+00 1.601092579812841254e+00 1.641704005486327667e+00 1.683507059708238440e+00 1.726493925126043827e+00 1.770651271974326590e+00 1.815960178335238151e+00 1.862396112619504329e+00 1.909928979613734867e+00 1.958523230170716278e+00 2.008138033335276074e+00 2.058727508439885057e+00 2.110241013511513941e+00 2.162623485241648602e+00 2.215815824817767066e+00 2.269755323123918700e+00 2.324376118210528919e+00 2.379609677521563160e+00 2.435385297155331585e+00 2.491630610420456637e+00 2.548272098120664797e+00 2.605235593344794154e+00
8.865988170391261303e-01 9.032349067854222868e-01 9.202962137282983957e-01 9.378047252939636369e-01 9.557841281411949552e-01 9.742598115230420852e-01 9.932588499532580828e-01 1.012809963116083845e+00 1.032943451085349018e+00 1.053691103098874038e+00 1.075086078370703691e+00 1.097162757719967408e+00 1.119956565153178429e+00 1.143503758957004957e+00 1.167841192339617917e+00 1.193006044197139959e+00 1.219035521171483394e+00 1.245966532798342241e+00 1.273835342207673804e+00 1.302677195519538866e+00 1.332525933758339720e+00 1.363413591768922295e+00 1.395369989237328134e+00 1.428422319474064839e+00 1.462594742085847610e+00 1.497907986019677340e+00 1.534378969690079808e+00 1.572020444977948905e+00 1.610840671803222879e+00 1.650843129714493429e+00 1.692026272502933359e+00 1.734383331238847026e+00 1.777902170356904010e+00 1.822565200497309856e+00 1.868349350768671258e+00 1.915226101962912209e+00 1.963161581057213834e+00 2.012116716119266346e+00 2.062047449528437326e+00 2.112905006274635955e+00 2.164636213034612400e+00 2.217183862784171122e+00 2.270487118911388436e+00 2.324481952170962984e+00 2.379101603377224983e+00 2.434277064479263508e+00 2.489937570595425864e+00 2.546011095698361704e+00 2.602424844922104796e+00 2.659105736890758909e+00 2.715980870021568183e+00
9.420720535741120560e-01 9.592788345200069511e-01 9.769477064284866064e-01 9.951040866732137058e-01 1.013775026402300217e+00 1.032989167932692132e+00 1.052776678710979574e+00 1.073169160209988426e+00 1.094199530346138705e+00 1.115901878273669823e+00 1.138311290740491977e+00 1.161463649577487489e+00 1.185395400337529548e+00 1.210143292599271447e+00 1.235744092998920740e+00 1.262234272642715371e+00 1.289649671173482393e+00 1.318025140403375151e+00 1.347394171066069513e+00 1.377788506867242635e+00 1.409237750602467587e+00 1.441768967645181920e+00 1.475406292562677191e+00 1.510170544973508999e+00 1.546078860995134585e+00 1.583144346728563523e+00 1.621375760172798053e+00 1.660777227746330853e+00 1.701348001211620442e+00 1.743082260252814653e+00 1.785968965255240626e+00 1.829991763991910769e+00 1.875128954957946181e+00 1.921353509035039320e+00 1.968633150045056901e+00 2.016930493599037977e+00 2.066203242500450177e+00 2.116404435855588240e+00 2.167482748013663141e+00 2.219382832535296668e+00 2.272045705597852461e+00 2.325409162609961555e+00 2.379408221340663765e+00 2.433975584578659035e+00 2.489042115225273299e+00 2.544537316785571157e+00 2.600389812444320548e+00 2.656527816280883414e+00 2.712879590669525776e+00 2.769373884506066474e+00 2.825940347573792977e+00
9.987749587851385558e-01 1.016608491533792291e+00 1.034948678764541885e+00 1.053824070534435275e+00 1.073264683477007875e+00 1.093301909942659522e+00 1.113968402099842603e+00 1.135297929926349259e+00 1.157325212321917984e+00 1.180085720929755944e+00 1.203615456665202865e+00 1.227950699411781033e+00 1.253127731854068783e+00 1.279182538965959459e+00 1.306150485252894899e+00 1.334065972445393378e+00 1.362962080944658760e+00 1.392870198912462776e+00 1.423819643458710482e+00 1.455837278891197961e+00 1.488947137433009882e+00 1.523170048163287049e+00 1.558523280177919634e+00 1.595020206080832281e+00 1.632669991890285166e+00 1.671477319267690165e+00 1.711442145644293200e+00 1.752559507333655286e+00 1.794819370081872645e+00 1.838206530735222444e+00 1.882700572814398621e+00 1.928275877799533466e+00 1.974901692878296977e+00 2.022542254822018215e+00 2.071156968564774381e+00 2.120700638001601135e+00 2.171123745526620130e+00 2.222372775930046895e+00 2.274390579490884079e+00 2.327116768460520291e+00 2.380488140647201156e+00 2.434439123491215273e+00 2.488902231868680204e+00 2.543808532874547890e+00 2.599088111003908796e+00 2.654670527460824658e+00 2.710485267758000028e+00 2.766462172307753598e+00 2.822531845322296284e+00 2.878626038016010469e+00 2.934678002811201392e+00
1.056759455351125254e+00 1.075293949582956543e+00 1.094386323878145051e+00 1.114067734100042451e+00 1.134370536753859016e+00 1.155328150268029264e+00 1.176974890907225735e+00 1.199345782920850478e+00 1.222476342909905256e+00 1.246402338823146660e+00 1.271159524466001667e+00 1.296783350917008359e+00 1.323308656787911541e+00 1.350769339824241522e+00 1.379198012910172189e+00 1.408625648099616878e+00 1.439081212827710621e+00 1.470591302945154499e+00 1.503179777642956960e+00 1.536867401678515543e+00 1.571671500557152434e+00 1.607605634450348875e+00 1.644679296629192322e+00 1.682897642049029585e+00 1.722261251433543139e+00 1.762765935772702797e+00 1.804402585574245599e+00 1.847157068502977006e+00 1.891010178222032101e+00 1.935937636336425571e+00 1.981910148356733181e+00 2.028893513578260421e+00 2.076848787739135282e+00 2.125732496310656749e+00 2.175496895315771173e+00 2.226090275695289833e+00 2.277457306471877718e+00 2.329539411319801356e+00 2.382275172650014206e+00 2.435600756975237591e+00 2.489450355132809101e+00 2.543756630912426431e+00 2.598451171754702749e+00 2.653464935442820583e+00 2.708728687087938347e+00 2.764173421190491808e+00 2.819730764123565159e+00 2.875333353009315029e+00 2.930915187623267748e+00 2.986411952643193590e+00 3.041761308239932404e+00
1.116113302509731620e+00 1.135437711531163574e+00 1.155376307096699362e+00 1.175962118664085843e+00 1.197229020754678075e+00 1.219211549483248502e+00 1.241944694769488322e+00 1.265463668596833458e+00 1.289803650122718359e+00 1.314999508919848292e+00 1.341085508132851212e+00 1.368094989858980703e+00 1.396060045593512822e+00 1.425011175106039474e+00 1.454976937617715960e+00 1.485983599614408845e+00 1.518054784039406302e+00 1.551211125943900759e+00 1.585469939917078630e+00 1.620844904754676907e+00 1.657345770842457267e+00 1.694978095618935532e+00 1.733743012234333136e+00 1.773637036138296930e+00 1.814651913811282213e+00 1.856774517212158138e+00 1.899986786761518331e+00 1.944265724834830067e+00 1.989583440824674199e+00 2.035907247872938530e+00 2.083199810399900986e+00 2.131419340597127121e+00 2.180519841133539583e+00 2.230451390476406281e+00 2.281160466475755211e+00 2.332590303222544126e+00 2.384681275683996571e+00 2.437371306254636050e+00 2.490596287144362098e+00 2.544290512455351649e+00 2.598387113872588916e+00 2.652818494098737823e+00 2.707516752489263379e+00 2.762414097771411114e+00 2.817443243242165440e+00 2.872537780415449937e+00 2.927632527707268117e+00 2.982663851389403042e+00 3.037569956688905837e+00 3.092291147545056962e+00 3.146770054143193107e+00
1.176950163212770795e+00 1.197163334465934703e+00 1.218050040100733034e+00 1.239644283946989001e+00 1.261980484348843135e+00 1.285093251702212891e+00 1.309017144141353839e+00 1.333786402546087047e+00 1.359434666511239787e+00 1.385994673409457256e+00 1.413497943176726057e+00 1.441974451944056712e+00 1.471452298114466650e+00 1.501957364926207239e+00 1.533512983934650187e+00 1.566139604169953348e+00 1.599854471969837544e+00 1.634671326631439658e+00 1.670600117061203038e+00 1.707646744516905457e+00 1.745812836325290274e+00 1.785095555120052691e+00 1.825487447680671504e+00 1.866976336869854869e+00 1.909545259478165224e+00 1.953172452005001336e+00 1.997831385555953077e+00 2.043490850141087556e+00 2.090115087742827171e+00 2.137663972612678265e+00 2.186093236380153737e+00 2.235354734740680804e+00 2.285396751755544020e+00 2.336164337166276361e+00 2.387599671614623720e+00 2.439642454278531325e+00 2.492230307191432903e+00 2.545299190407596779e+00 2.598783822207221483e+00 2.652618098693526605e+00 2.706735507408625896e+00 2.761069529970736625e+00 2.815554029195293850e+00 2.870123616688522894e+00 2.924713997474750027e+00 2.979262288819826576e+00 3.033707311024239850e+00 3.087989848564848039e+00 3.142052880548837468e+00 3.195841779995444831e+00 3.249304481970152647e+00
1.239395802257124535e+00 1.260600505071315602e+00 1.282538763786859937e+00 1.305244540308384549e+00 1.328751725078151757e+00 1.353093883832476862e+00 1.378303986336515408e+00 1.404414119059932187e+00 1.431455184221676280e+00 1.459456588095717322e+00 1.488445921917779025e+00 1.518448639151879220e+00 1.549487733249448773e+00 1.581583420347909996e+00 1.614752831594827631e+00 1.649009719934376728e+00 1.684364186242691019e+00 1.720822429638464435e+00 1.758386526618121337e+00 1.797054243368721327e+00 1.836818885197561535e+00 1.877669186491207842e+00 1.919589243988498728e+00 1.962558495436159234e+00 2.006551744910435975e+00 2.051539235254422611e+00 2.097486767222449977e+00 2.144355864064555917e+00 2.192103979451024198e+00 2.240684745853331439e+00 2.290048259786317431e+00 2.340141399696431979e+00 2.390908171768648227e+00 2.442290078532141528e+00 2.494226504879197392e+00 2.546655115976135697e+00 2.599512261537149982e+00 2.652733381046072925e+00 2.706253404737395396e+00 2.760007145473362566e+00 2.813929677063804480e+00 2.867956695052489291e+00 2.922024856520862635e+00 2.976072096019500179e+00 3.030037915312418839e+00 3.083863645193929415e+00 3.137492678197688623e+00 3.190870671550969817e+00 3.243945720223680329e+00 3.296668500373718835e+00 3.348992383891907565e+00
1.303571495652574797e+00 1.325867750052592164e+00 1.348955716029641705e+00 1.372868238788936601e+00 1.397637574077827072e+00 1.423295114432027164e+00 1.449871102417966018e+00 1.477394333541063531e+00 1.505891851911143497e+00 1.535388642152179184e+00 1.565907321399942376e+00 1.597467835534107428e+00 1.630087164026594371e+00 1.663779037943019290e+00 1.698553675697047849e+00 1.734417541119370521e+00 1.771373128257228036e+00 1.809418777063804828e+00 1.848548523769967478e+00 1.888751989258202091e+00 1.930014308188792604e+00 1.972316100973731334e+00 2.015633489970541259e+00 2.059938160495185855e+00 2.105197466451842914e+00 2.151374579570235923e+00 2.198428680451825823e+00 2.246315188877191282e+00 2.294986030139531952e+00 2.344389933562764483e+00 2.394472758852490557e+00 2.445177845526973925e+00 2.496446380390656028e+00 2.548217777849066668e+00 2.600430067820339808e+00 2.653020286070938205e+00 2.705924861983396212e+00 2.759079999040942255e+00 2.812422043674496663e+00 2.865887838546472111e+00 2.919415056827144195e+00 2.972942514536676129e+00 3.026410458563370653e+00 3.079760828510972992e+00 3.132937491061660307e+00 3.185886446054090548e+00 3.238556003957990370e+00 3.290896934869681267e+00 3.342862589550905650e+00 3.394408993382106665e+00 3.445494914398788744e+00
1.369576091579782995e+00 1.393054291082305385e+00 1.417377952019847953e+00 1.442577733264047701e+00 1.468683180091400420e+00 1.495722441632784339e+00 1.523721981227803335e+00 1.552706282908759894e+00 1.582697557577991132e+00 1.613715452733724742e+00 1.645776769830256558e+00 1.678895193516496631e+00 1.713081037071523260e+00 1.748341008337944702e+00 1.784678000337000858e+00 1.822090910530095975e+00 1.860574492369274635e+00 1.900119242357720672e+00 1.940711325327598713e+00 1.982332540047220260e+00 2.024960326606466854e+00 2.068567816315921348e+00 2.113123924109949314e+00 2.158593482688263343e+00 2.204937416885369927e+00 2.252112956044034053e+00 2.300073881507779028e+00 2.348770805756449143e+00 2.398151479203632253e+00 2.448161120267636104e+00 2.498742764027326313e+00 2.549837624585212126e+00 2.601385466183654849e+00 2.653324978153150493e+00 2.705594148907771945e+00 2.758130634433114015e+00 2.810872117024524997e+00 2.863756650414719829e+00 2.916722987865504990e+00 2.969710890273058901e+00 3.022661411835414924e+00 3.075517161339695438e+00 3.128222537632531886e+00 3.180723938327772338e+00 3.232969941271228720e+00 3.284911458714294685e+00 3.336501864540638351e+00 3.387697095238027423e+00 3.438455725608148050e+00 3.488739020459537432e+00 3.538510963733016990e+00
1.437468396766765855e+00 1.462202746267553533e+00 1.487829534565597189e+00 1.514376233909376035e+00 1.541868699219476113e+00 1.570330889073389358e+00 1.599784585990474461e+00 1.630249119588858209e+00 1.661741096411819552e+00 1.694274140381564653e+00 1.727858647923322666e+00 1.762501561803540007e+00 1.798206167636173358e+00 1.834971916827007332e+00 1.872794279446302390e+00 1.911664630147604793e+00 1.951570169790721287e+00 1.992493884888713929e+00 2.034414546394645473e+00 2.077306748688346971e+00 2.121140988934159033e+00 2.165883786275833334e+00 2.211497839634529061e+00 2.257942222199380566e+00 2.305172610066646754e+00 2.353141541910071410e+00 2.401798706067128197e+00 2.451091251015447003e+00 2.500964114900047441e+00 2.551360369560772057e+00 2.602221574402334703e+00 2.653488135445369878e+00 2.705099664991059694e+00 2.756995337516647382e+00 2.809114237684517512e+00 2.861395696681748646e+00 2.913779613496958465e+00 2.966206758172967195e+00 3.018619054533926871e+00 3.070959840359905879e+00 3.123174103458454809e+00 3.175208692549664313e+00 3.227012502328568289e+00 3.278536632488378899e+00 3.329734520872862813e+00 3.380562051271589485e+00 3.430977636674210185e+00 3.480942279057734901e+00 3.530419606993537851e+00 3.579375892529326197e+00 3.627780048927445655e+00
1.507251634543868679e+00 1.533294405764622947e+00 1.560267789034468944e+00 1.588195198771573224e+00 1.617097973867742899e+00 1.646995114200922261e+00 1.677903022861796378e+00 1.709835257772676975e+00 1.742802296470994161e+00 1.776811317847970084e+00 1.811866004568803756e+00 1.847966369749820981e+00 1.885108611229140863e+00 1.923284996441767092e+00 1.962483780502257913e+00 2.002689159615441916e+00 2.043881261388811321e+00 2.086036173021911466e+00 2.129126007713741053e+00 2.173119008975371358e+00 2.217979691879927273e+00 2.263669019643304914e+00 2.310144613324665919e+00 2.357360991881777501e+00 2.405269839327718095e+00 2.453820295324238288e+00 2.502959265222734153e+00 2.552631745332592850e+00 2.602781159061744454e+00 2.653349699535238582e+00 2.704278674351676237e+00 2.755508848278017009e+00 2.806980779902576995e+00 2.858635148553577032e+00 2.910413068134843684e+00 2.962256384918717789e+00 3.014107956756184148e+00 3.065911911603054651e+00 3.117613883706814804e+00 3.169161226240247764e+00 3.220503199595536437e+00 3.271591134957664515e+00 3.322378573151683501e+00 3.372821379099605110e+00 3.422877832525259123e+00 3.472508695807406287e+00 3.521677260101505613e+00 3.570349371029069907e+00 3.618493435371798572e+00 3.666080410307623882e+00 3.713083776790125246e+00
1.578861611610416382e+00 1.606238650781491861e+00 1.634574109665526409e+00 1.663886652811331635e+00 1.694192478160216009e+00 1.725505079768384409e+00 1.757835022204011999e+00 1.791189730159945315e+00 1.825573296782667665e+00 1.860986314099017935e+00 1.897425728721934046e+00 1.934884725736033317e+00 1.973352643306148790e+00 2.012814920123218165e+00 2.053253077310926322e+00 2.094644735874357178e+00 2.136963670191823095e+00 2.180179897448326187e+00 2.224259802299318523e+00 2.269166295453426407e+00 2.314859004288766009e+00 2.361294493084832524e+00 2.408426509974753049e+00 2.456206257313086283e+00 2.504582681821625023e+00 2.553502780627163293e+00 2.602911919144393238e+00 2.652754156685493747e+00 2.702972575693332047e+00 2.753509610593418255e+00 2.804307372433838097e+00 2.855307965723826058e+00 2.906453794180205996e+00 2.957687852435604725e+00 3.008954001141565637e+00 3.060197223301575065e+00 3.111363860082730248e+00 3.162401824769128567e+00 3.213260793926098202e+00 3.263892375233213627e+00 3.314250251808894099e+00 3.364290303184584552e+00 3.413970703387736449e+00 3.463251996857434900e+00 3.512097153142690775e+00 3.560471601521135288e+00 3.608343246825219008e+00 3.655682467876194330e+00 3.702462100004494161e+00 3.748657403182061643e+00 3.794246017310305419e+00
1.652159940198380195e+00 1.680867749044124171e+00 1.710550423479249238e+00 1.741221401173369987e+00 1.772891345406036656e+00 1.805567942528703451e+00 1.839255716196416923e+00 1.873955861556818592e+00 1.909666102420793932e+00 1.946380574201977964e+00 1.984089735103036656e+00 2.022780307650267506e+00 2.062435252241574091e+00 2.103033773885763402e+00 2.144551362785024118e+00 2.186959868860233858e+00 2.230227609755000451e+00 2.274319511293791507e+00 2.319197278827192399e+00 2.364819597387776806e+00 2.411142358116399542e+00 2.458118908012965065e+00 2.505700319727329983e+00 2.553835677842402951e+00 2.602472377917539159e+00 2.651556434458004485e+00 2.701032793955067124e+00 2.750845649198389697e+00 2.800938751192250553e+00 2.851255715203033780e+00 2.901740317718361162e+00 2.952336781398749110e+00 3.002990045440249833e+00 3.053646019130429767e+00 3.104251816760022820e+00 3.154755972438296752e+00 3.205108633742582924e+00 3.255261733503194588e+00 3.305169139376924914e+00 3.354786781189699862e+00 3.404072756327170879e+00 3.452987413717649723e+00 3.501493417182905077e+00 3.549555789127886829e+00 3.597141935700350235e+00 3.644221654676749633e+00 3.690767127423042915e+00 3.736752896340505004e+00 3.782155829239775446e+00 3.826955072094225141e+00 3.871131991609242373e+00
1.726933218260386704e+00 1.756937780389548065e+00 1.787921906971264185e+00 1.819893565299097293e+00 1.852857733303059584e+00 1.886816237540043240e+00 1.921767611885003557e+00 1.957706979592340080e+00 1.994625961134332659e+00 2.032512609897864753e+00 2.071351377437327557e+00 2.111123109548671550e+00 2.151805073956624792e+00 2.193371019905657970e+00 2.235791269427807038e+00 2.279032839540280353e+00 2.323059594116828386e+00 2.367832423692025401e+00 2.413309451009884476e+00 2.459446259728752082e+00 2.506196143352910966e+00 2.553510371185511829e+00 2.601338467892627015e+00 2.649628503137686053e+00 2.698327387689739787e+00 2.747381172426539120e+00 2.796735346740339967e+00 2.846335133005195583e+00 2.896125773972115347e+00 2.946052810214248474e+00 2.996062345039556263e+00 3.046101294612956867e+00 3.096117621374713913e+00 3.146060549197017053e+00 3.195880759077549538e+00 3.245530564519440553e+00 3.294964066084072662e+00 3.344137284920656761e+00 3.393008275369855387e+00 3.441537217003634019e+00 3.489686486698051926e+00 3.537420711537746065e+00 3.584706803520379736e+00 3.631513977166174190e+00 3.677813751243249385e+00 3.723579935895248383e+00 3.768788606505815153e+00 3.813418065657517175e+00 3.857448794543229198e+00 3.900863395168815195e+00 3.943646524649984997e+00
1.802898527490993885e+00 1.834135885221787721e+00 1.866345977416789204e+00 1.899531291006844036e+00 1.933691203766926048e+00 1.968821865627898626e+00 2.004916103302432528e+00 2.041963350277202327e+00 2.079949603892062182e+00 2.118857410847027722e+00 2.158665882057595464e+00 2.199350737328083394e+00 2.240884379841963536e+00 2.283235999989546183e+00 2.326371707579082404e+00 2.370254691019498150e+00 2.414845401633540778e+00 2.460101760869624954e+00 2.505979387839056827e+00 2.552431844320025789e+00 2.599410894147109019e+00 2.646866773748868695e+00 2.694748470507928761e+00 2.743004005597927009e+00 2.791580717996957173e+00 2.840425546483942743e+00 2.889485306586724978e+00 2.938706959661767648e+00 2.988037871537299051e+00 3.037426058435934273e+00 3.086820418200617144e+00 3.136170945170470681e+00 3.185428927382391695e+00 3.234547125102312126e+00 3.283479930009831627e+00 3.332183504665462870e+00 3.380615902175722276e+00 3.428737166233830624e+00 3.476509411949720185e+00 3.523896888090284563e+00 3.570866021528501300e+00 3.617385444847554865e+00 3.663426008164182957e+00 3.708960776325213260e+00 3.753965012694120418e+00 3.798416150782530032e+00 3.842293754997378130e+00 3.885579471769999405e+00 3.928256972311793049e+00 3.970311888204478112e+00 4.011731740984177286e+00
1.879715043305275612e+00 1.912093466331790337e+00 1.945427028499395306e+00 1.979712942584980206e+00 2.014945283223976702e+00 2.051114911432179611e+00 2.088209423733093484e+00 2.126213127294401595e+00 2.165107042108853186e+00 2.204868930854452458e+00 2.245473356645440788e+00 2.286891768449484719e+00 2.329092613508664478e+00 2.372041475673128286e+00 2.415701238147774710e+00 2.460032268773999053e+00 2.504992625629843594e+00 2.550538280440679539e+00 2.596623357055237058e+00 2.643200382063006781e+00 2.690220544511387590e+00 2.737633961625514534e+00 2.785389947439149694e+00 2.833437281308866851e+00 2.881724473401546582e+00 2.930200024411466320e+00 2.978812676971349660e+00 3.027511656464272338e+00 3.076246899212767172e+00 3.124969266309609583e+00 3.173630741654189791e+00 3.222184613061449099e+00 3.270585635610413711e+00 3.318790176690217031e+00 3.366756342477892794e+00 3.414444085839907661e+00 3.461815295884673738e+00 3.508833869603996902e+00 3.555465766225514912e+00 3.601679045055294459e+00 3.647443887719309608e+00 3.692732605815586489e+00 3.737519635066076873e+00 3.781781517110502921e+00 3.825496870115515868e+00 3.868646349383245919e+00 3.911212599136496770e+00 3.953180196635250443e+00 3.994535589743534842e+00 4.035267029019093954e+00 4.075364495342997273e+00
1.957001045777452264e+00 1.990404494659098855e+00 2.024735931573035330e+00 2.059987686149487462e+00 2.096149001718372151e+00 2.133206000415374337e+00 2.171141672987221050e+00 2.209935894079478658e+00 2.249565463414713751e+00 2.290004172876274335e+00 2.331222899113445823e+00 2.373189720886509146e+00 2.415870059985535168e+00 2.459226844193987738e+00 2.503220690436015694e+00 2.547810105953034920e+00 2.592951705106946392e+00 2.638600439209532134e+00 2.684709836633776270e+00 2.731232250374814541e+00 2.778119110196190622e+00 2.825321176519638655e+00 2.872788793290847575e+00 2.920472137175447624e+00 2.968321460603158712e+00 3.016287326378254363e+00 3.064320831803631684e+00 3.112373820517624345e+00 3.160399080509759706e+00 3.208350527057079127e+00 3.256183369600216704e+00 3.303854261851651763e+00 3.351321434692642320e+00 3.398544811665315635e+00 3.445486107098751916e+00 3.492108907119522154e+00 3.538378733986075275e+00 3.584263094351065604e+00 3.629731512195817356e+00 3.674755547296251645e+00 3.719308800170890272e+00 3.763366904529286128e+00 3.806907508285721775e+00 3.849910244229109324e+00 3.892356691448320305e+00 3.934230328604297444e+00 3.975516480118437723e+00 4.016202256313264662e+00 4.056276488497779553e+00 4.095729659938792011e+00 4.134553833602151229e+00
2.034355250056705255e+00 2.068647741666048923e+00 2.103833043194896835e+00 2.139899136104769894e+00 2.176831034286376809e+00 2.214610785202364873e+00 2.253217494840012769e+00 2.292627376710370868e+00 2.332813824770603617e+00 2.373747509783212362e+00 2.415396498268067127e+00 2.457726392859433950e+00 2.500700492558864063e+00 2.544279971083429626e+00 2.588424071254135761e+00 2.633090313156773998e+00 2.678234713641400866e+00 2.723812014609642063e+00 2.769775917472431459e+00 2.816079321144470793e+00 2.862674560973915483e+00 2.909513646083853544e+00 2.956548492721907007e+00 3.003731151371024310e+00 3.051014025562494680e+00 3.098350080545669183e+00 3.145693040201122059e+00 3.192997570829207543e+00 3.240219450697796155e+00 3.287315724485595947e+00 3.334244842005875231e+00 3.380966780834756769e+00 3.427443152694494621e+00 3.473637293652147129e+00 3.519514338385261620e+00 3.565041278936528890e+00 3.610187008528042973e+00 3.654922351131892899e+00 3.699220077597845879e+00 3.743054909220750126e+00 3.786403509691667058e+00 3.829244466418237458e+00 3.871558262223428137e+00 3.913327238438992328e+00 3.954535550402746402e+00 3.995169116348810778e+00 4.035215560649330513e+00 4.074664152326622713e+00 4.113505739707907338e+00 4.151732682042595712e+00 4.189338778845753453e+00
2.111381188298313116e+00 2.146411626553017982e+00 2.182293379289399926e+00 2.219010713701145665e+00 2.256545098980915043e+00 2.294875237712051153e+00 2.333977119459671012e+00 2.373824096350843238e+00 2.414386980106021596e+00 2.455634159663159899e+00 2.497531738229702647e+00 2.540043688313097903e+00 2.583132023024189650e+00 2.626756981725627327e+00 2.670877227913710072e+00 2.715450057080524449e+00 2.760431612206021512e+00 2.805777104477469308e+00 2.851441036826600328e+00 2.897377427910492020e+00 2.943540034238887326e+00 2.989882568263820151e+00 3.036358910393354815e+00 3.082923313064567683e+00 3.129530595206289068e+00 3.176136325634273394e+00 3.222696994144428118e+00 3.269170169298377004e+00 3.315514642124953504e+00 3.361690555186140905e+00 3.407659516672929545e+00 3.453384699401586655e+00 3.498830924771255013e+00 3.543964731917194744e+00 3.588754432448884479e+00 3.633170151297464567e+00 3.677183854312044975e+00 3.720769363339579971e+00 3.763902359598338965e+00 3.806560376211607366e+00 3.848722780807233512e+00 3.890370749111067283e+00 3.931487230470146699e+00 3.972056906235938101e+00 4.012066141920845652e+00 4.051502934014330037e+00 4.090356852309744440e+00 4.128618978551156005e+00 4.166281842162449678e+00 4.203339353770116027e+00 4.239786737177767328e+00
2.187713388237582546e+00 2.223320431717637380e+00 2.259732732978116054e+00 2.296931533408469228e+00 2.334895480407531920e+00 2.373600682661597627e+00 2.413020785556489134e+00 2.453127066176942428e+00 2.493888547060111982e+00 2.535272127597480551e+00 2.577242731726965275e+00 2.619763470330688904e+00 2.662795816558110484e+00 2.706299792133400217e+00 2.750234162582727571e+00 2.794556639233501283e+00 2.839224085794179508e+00 2.884192727319654814e+00 2.929418359401986915e+00 2.974856555496962596e+00 3.020462870400338673e+00 3.066193038019982442e+00 3.112003161746721869e+00 3.157849895903193982e+00 3.203690616941197167e+00 3.249483583259149544e+00 3.295188082717610101e+00 3.340764567137710639e+00 3.386174773270882454e+00 3.431381829924560645e+00 3.476350351114703141e+00 3.521046515289014245e+00 3.565438130823052276e+00 3.609494688133080942e+00 3.653187398873846803e+00 3.696489222795784624e+00 3.739374882924554555e+00 3.781820869796512774e+00 3.823805435537561692e+00 3.865308578610474832e+00 3.906312020078801517e+00 3.946799172244714438e+00 3.986755100515444461e+00 4.026166479339474691e+00 4.065021543031029694e+00 4.103310032271130225e+00 4.141023137036749624e+00 4.178153436668074150e+00 4.214694837738515609e+00 4.250642510344155411e+00 4.285992823379878303e+00
2.263044287471194682e+00 2.299060877391793323e+00 2.335833791417384120e+00 2.373341948416198832e+00 2.411561896413743078e+00 2.450467885388846856e+00 2.490031957923590333e+00 2.530224056931159815e+00 2.571012149442986061e+00 2.612362365212105964e+00 2.654239148688198213e+00 2.696605422745750325e+00 2.739422762403518785e+00 2.782651576663501380e+00 2.826251296522694911e+00 2.870180567171491948e+00 2.914397442388441561e+00 2.958859579170884491e+00 3.003524430702871229e+00 3.048349435852647282e+00 3.093292203508830607e+00 3.138310690203166331e+00 3.183363369624481631e+00 3.228409392798626598e+00 3.273408737888966691e+00 3.318322348756627793e+00 3.363112261605627040e+00 3.407741719221410115e+00 3.452175272488960722e+00 3.496378869045466242e+00 3.540319929080566919e+00 3.583967408442079172e+00 3.627291849335676943e+00 3.670265419022361364e+00 3.712861937016792346e+00 3.755056891373131478e+00 3.796827444712518318e+00 3.838152430698746898e+00 3.879012341706513656e+00 3.919389308450988540e+00 3.959267072359311079e+00 3.998630951465372618e+00 4.037467800600053280e+00 4.075765966631186288e+00 4.113515239482534724e+00 4.150706799629723776e+00 4.187333162735178860e+00 4.223388122044207549e+00 4.258866689122042359e+00 4.293765033467318304e+00 4.328080421492437324e+00
2.337151151740371358e+00 2.373408404889226109e+00 2.410371690622291396e+00 2.448018290837735478e+00 2.486323345687800224e+00 2.525259937947292421e+00 2.564799192935470096e+00 2.604910393080798414e+00 2.645561106017634945e+00 2.686717324923579397e+00 2.728343619649607366e+00 2.770403297065256343e+00 2.812858568940439064e+00 2.855670725615292227e+00 2.898800313670504725e+00 2.942207315802769951e+00 2.985851331132160169e+00 3.029691754218887922e+00 3.073687951143682096e+00 3.117799431106067498e+00 3.161986012114866185e+00 3.206207979481985770e+00 3.250426235979848588e+00 3.294602442681553445e+00 3.338699149666654709e+00 3.382679915941482207e+00 3.426509418087358316e+00 3.470153547310333320e+00 3.513579494719301088e+00 3.556755824803622623e+00 3.599652537214516279e+00 3.642241117075550427e+00 3.684494574155217084e+00 3.726387471328332257e+00 3.767895942832860889e+00 3.808997702894258097e+00 3.849672045341611337e+00 3.889899834878578488e+00 3.929663490698859007e+00 3.968946963150973062e+00 4.007735704162008972e+00 4.046016632125500223e+00 4.083778091945951871e+00 4.121009810912945603e+00 4.157702851052190951e+00 4.193849558570626357e+00 4.229443510978486032e+00 4.264479462434330514e+00 4.298953287820077129e+00 4.332861926012942178e+00 4.366203322780525475e+00
2.409922669667111883e+00 2.446252934690177128e+00 2.483238872282490739e+00 2.520856770985177686e+00 2.559081002131078808e+00 2.597884110540162883e+00 2.637236918588329981e+00 2.677108642682236805e+00 2.717467021010254946e+00 2.758278451297326850e+00 2.799508137171894617e+00 2.841120241658642964e+00 2.883078046242593118e+00 2.925344113909189581e+00 2.967880454551224290e+00 3.010648691146240008e+00 3.053610225146050627e+00 3.096726399581514855e+00 3.139958658468266606e+00 3.183268701200192119e+00 3.226618630733816495e+00 3.269971094495768948e+00 3.313289417083273403e+00 3.356537723971621645e+00 3.399681055589120149e+00 3.442685471266760722e+00 3.485518142713590617e+00 3.528147436807518300e+00 3.570542987622846720e+00 3.612675757738363913e+00 3.654518088982323665e+00 3.696043742871656157e+00 3.737227931091950062e+00 3.778047336441731296e+00 3.818480124728935277e+00 3.858505948159982157e+00 3.898105940802309988e+00 3.937262706730698447e+00 3.975960301486563431e+00 4.014184207488776579e+00 4.051921304035069227e+00 4.089159832526062743e+00 4.125889357529929136e+00 4.162100724286183606e+00 4.197786013222497559e+00 4.232938492030172029e+00 4.267552565812382959e+00 4.301623725785841401e+00 4.335148496981174659e+00 4.368124385351530137e+00 4.400549824662546072e+00
2.481385312358876494e+00 2.517624278542244909e+00 2.554469512717036928e+00 2.591896895787604738e+00 2.629880603767200675e+00 2.668393200394200804e+00 2.707405741151127199e+00 2.746887887721910282e+00 2.786808031792297413e+00 2.827133426987071818e+00 2.867830327647358679e+00 2.908864133083466808e+00 2.950199535894252101e+00 2.991800672923026649e+00 3.033631277422401240e+00 3.075654831025121272e+00 3.117834714163674192e+00 3.160134353646336436e+00 3.202517366179261415e+00 3.244947696720759112e+00 3.287389750662428778e+00 3.329808518949559204e+00 3.372169695377513765e+00 3.414439785428892815e+00 3.456586206145533247e+00 3.498577376657592719e+00 3.540382799116681412e+00 3.581973129899617803e+00 3.623320241061854574e+00 3.664397272124159777e+00 3.705178672371023385e+00 3.745640233924479645e+00 3.785759115931428997e+00 3.825513860266389621e+00 3.864884399204653320e+00 3.903852055563465928e+00 3.942399535841222047e+00 3.980510916907706420e+00 4.018171626812392816e+00 4.055368420283684827e+00 4.092089349490515282e+00 4.128323730629781529e+00 4.164062106889322656e+00 4.199296208317780277e+00 4.234018909110081275e+00 4.268224182791621857e+00 4.301907055755906484e+00 4.335063559580416559e+00 4.367690682514171030e+00 4.399786320498489722e+00 4.431349228050445177e+00
2.551729915957238859e+00 2.587717739102841641e+00 2.624264130493197733e+00 2.661345082500140791e+00 2.698935077747068867e+00 2.737007180109855220e+00 2.775533135403734697e+00 2.814483480836998730e+00 2.853827662207844895e+00 2.893534157733717471e+00 2.933570607333948477e+00 2.973903946137990584e+00 3.014500540962997022e+00 3.055326328496117405e+00 3.096346953928326595e+00 3.137527908816533539e+00 3.178834666998211045e+00 3.220232817445881857e+00 3.261688193025876537e+00 3.303166994214229213e+00 3.344635906920757407e+00 3.386062213677427657e+00 3.427413897556951028e+00 3.468659738299983974e+00 3.509769400242021664e+00 3.550713511742207285e+00 3.591463735923991152e+00 3.631992832640382307e+00 3.672274711672971925e+00 3.712284477263092519e+00 3.751998464154370883e+00 3.791394265398202901e+00 3.830450752236650658e+00 3.869148086431152045e+00 3.907467725450008089e+00 3.945392420963114155e+00 3.982906211119541240e+00 4.019994407102181810e+00 4.056643574464956714e+00 4.092841509762350505e+00 4.128577212978910005e+00 4.163840856258928191e+00 4.198623749423923357e+00 4.232918302749125949e+00 4.266717987450208582e+00 4.300017294308680071e+00 4.332811690839602825e+00 4.365097577378781679e+00 4.396872242439139100e+00 4.428133817657924354e+00 4.458881232628232105e+00
2.621339215539922218e+00 2.656920678000011193e+00 2.693015202256863194e+00 2.729599341560484227e+00 2.766648314794648567e+00 2.804136093152110654e+00 2.842035495042338322e+00 2.880318288386221504e+00 2.918955299367997469e+00 2.957916526645936184e+00 2.997171259970532020e+00 3.036688202123396074e+00 3.076435593071582986e+00 3.116381335230562932e+00 3.156493118744191584e+00 3.196738545720653857e+00 3.237085252408438585e+00 3.277501028354423251e+00 3.317953931655544864e+00 3.358412399494231870e+00 3.398845353234175803e+00 3.439222297445051701e+00 3.479513412320321741e+00 3.519689639049756735e+00 3.559722757805745985e+00 3.599585458098277346e+00 3.639251401346190296e+00 3.678695275600678549e+00 3.717892842439830758e+00 3.756820976129602307e+00 3.795457695216035265e+00 3.833782186775557932e+00 3.871774823604364535e+00 3.909417174674187923e+00 3.946692009220102992e+00 3.983583294856813950e+00 4.020076190143145212e+00 4.056157032030822229e+00 4.091813318643491293e+00 4.127033687835756304e+00 4.161807891980535246e+00 4.196126769426652636e+00 4.229982213058150364e+00 4.263367136372604449e+00 4.296275437478767500e+00 4.328701961394162190e+00 4.360642461001984493e+00 4.392093557003685866e+00 4.423052697179891801e+00 4.453518115247887543e+00 4.483488789579384459e+00
2.690817171473684155e+00 2.725840920481872320e+00 2.761334678013192434e+00 2.797275938662296291e+00 2.833641017618540481e+00 2.870405131043971103e+00 2.907542483478990913e+00 2.945026361520380220e+00 2.982829232947729725e+00 3.020922850418764405e+00 3.059278358812274057e+00 3.097866405269890322e+00 3.136657250975098510e+00 3.175620883709131093e+00 3.214727130238478559e+00 3.253945767616963636e+00 3.293246632525381745e+00 3.332599727822655566e+00 3.371975325542628799e+00 3.411344065638866496e+00 3.450677049854081524e+00 3.489945930169961574e+00 3.529122991375093221e+00 3.568181227372398290e+00 3.607094410930898221e+00 3.645837156668886969e+00 3.684384977135228834e+00 3.722714331931378684e+00 3.760802669888167138e+00 3.798628464377411973e+00 3.836171241898590267e+00 3.873411604134653352e+00 3.910331243718326633e+00 3.946912953990832307e+00 3.983140633068900538e+00 4.018999282563309627e+00 4.054475001313253557e+00 4.089554974516001806e+00 4.124227458640760346e+00 4.158481762520040093e+00 4.192308225011432299e+00 4.225698189618283251e+00 4.258643976449418389e+00 4.291138851886779904e+00 4.323176996315702070e+00 4.354753470256357062e+00 4.385864179216762082e+00 4.416505837568481141e+00 4.446675931725796005e+00 4.476372682888229093e+00 4.505595009585180222e+00
2.761020796613109063e+00 2.795337710377697071e+00 2.830084111411603320e+00 2.865238749963624265e+00 2.900779332208865746e+00 2.936682592993423491e+00 2.972924374620446564e+00 3.009479711020605741e+00 3.046322916592739460e+00 3.083427678954495210e+00 3.120767154808050670e+00 3.158314068103437400e+00 3.196040809671416572e+00 3.233919537499096997e+00 3.271922276834368759e+00 3.310021019328808656e+00 3.348187820462486641e+00 3.386394894536733702e+00 3.424614706571683875e+00 3.462820060502567632e+00 3.500984183131476968e+00 3.539080803357951055e+00 3.577084226281172619e+00 3.614969401837374363e+00 3.652711987707035757e+00 3.690288406296631685e+00 3.727675895667719619e+00 3.764852554351470815e+00 3.801797380048272945e+00 3.838490302269352838e+00 3.874912209029790056e+00 3.911044967749551127e+00 3.946871440560999034e+00 3.982375494257508031e+00 4.017542005148534656e+00 4.052356859111501564e+00 4.086806947150677161e+00 4.120880156787903204e+00 4.154565359619756038e+00 4.187852395381180592e+00 4.220732052856877914e+00 4.253196047979232119e+00 4.285236999446014217e+00 4.316848402182351663e+00 4.348024598960619436e+00 4.378760750478769559e+00 4.409052804182943319e+00 4.438897462104198333e+00 4.468292147962257488e+00 4.497234973771520927e+00 4.525724706166637468e+00
2.833094654803347545e+00 2.866555381269061620e+00 2.900407563471558259e+00 2.934631458723289121e+00 2.969206397758278548e+00 3.004110849040912967e+00 3.039322488310930659e+00 3.074818272807443797e+00 3.110574519566389196e+00 3.146566987146277583e+00 3.182770960107246694e+00 3.219161335548150760e+00 3.255712710996247594e+00 3.292399472943605687e+00 3.329195885333526395e+00 3.366076177318435114e+00 3.403014629637395316e+00 3.439985658995569739e+00 3.476963899869113916e+00 3.513924283205614341e+00 3.550842111541807178e+00 3.587693130115416906e+00 3.624453593605627688e+00 3.661100328196056797e+00 3.697610788713680652e+00 3.733963110656551621e+00 3.770136156981110265e+00 3.806109559575672208e+00 3.841863755399881342e+00 3.877380017319552064e+00 3.912640479712325980e+00 3.947628158961260958e+00 3.982326968990831162e+00 4.016721732032592307e+00 4.050798184835805671e+00 4.084542980561941761e+00 4.117943686620863630e+00 4.150988778721227845e+00 4.183667631418107824e+00 4.215970505447483418e+00 4.247888532140339457e+00 4.279413695208831747e+00 4.310538810193953907e+00 4.341257501858287959e+00 4.371564179799519501e+00 4.401454012550488848e+00 4.430922900420013910e+00 4.459967447315999145e+00 4.488584931778515141e+00 4.516773277436076484e+00 4.544531023083331789e+00
2.908506959497594302e+00 2.940958683028501497e+00 2.973766226196818518e+00 3.006911544408098713e+00 3.040375768540277690e+00 3.074139260457612988e+00 3.108181673097272668e+00 3.142482014668414259e+00 3.177018716461661008e+00 3.211769703732427317e+00 3.246712469094349629e+00 3.281824147840088024e+00 3.317081594595751248e+00 3.352461460712214958e+00 3.387940271801573200e+00 3.423494504839390107e+00 3.459100664273023096e+00 3.494735356602276521e+00 3.530375362930567196e+00 3.565997709021613282e+00 3.601579732437876213e+00 3.637099146381474135e+00 3.672534099905297111e+00 3.707863234210824199e+00 3.743065734798636690e+00 3.778121379287161297e+00 3.813010580764149449e+00 3.847714426582788505e+00 3.882214712560022818e+00 3.916493972577639315e+00 3.950535503626971590e+00 3.984323386374955867e+00 4.017842501362820506e+00 4.051078540978409137e+00 4.084018017369296594e+00 4.116648266485988472e+00 4.148957448463074016e+00 4.180934544560996002e+00 4.212569350902461984e+00 4.243852469245412706e+00 4.274775295039433765e+00 4.305330003014357310e+00 4.335509530549241930e+00 4.365307559066846643e+00 4.394718493693653194e+00 4.423737441418583494e+00 4.452360187975159533e+00 4.480583173662027185e+00 4.508403468306169337e+00 4.535818745561407184e+00 4.562827256722806091e+00
