1.281308090365093471e-06 1.288458962923538053e-06 1.295774093553763128e-06 1.303258183152030249e-06 1.310916103957099466e-06 1.318752907353454709e-06 1.326773832105226789e-06 1.334984313048933181e-06 1.343389990275302256e-06 1.351996718832772819e-06 1.360810578987779753e-06 1.369837887079706331e-06 1.379085207011357309e-06 1.388559362419123869e-06 1.398267449570529203e-06 1.408216851040824187e-06 1.418415250224505758e-06 1.428870646742387132e-06 1.439591372809930564e-06 1.450586110638216818e-06 1.461863910945141052e-06 1.473434212661185619e-06 1.485306863921681332e-06 1.497492144445697454e-06 1.510000789410848194e-06 1.522844014943364150e-06 1.536033545353936124e-06 1.549581642262162054e-06 1.563501135766094217e-06 1.577805457828540685e-06 1.592508678068593502e-06 1.607625542165554050e-06 1.623171513103194108e-06 1.639162815505445751e-06 1.655616483340345301e-06 1.672550411297770714e-06 1.689983410178519266e-06 1.707935266667954313e-06 1.726426807907280329e-06 1.745479971319946510e-06 1.765117880200291851e-06 1.785364925626881480e-06 1.806246855324760682e-06 1.827790870169727632e-06 1.850025729104549616e-06 1.872981863322580708e-06 1.896691500669512696e-06 1.921188801319918684e-06 1.946510005902943576e-06 1.972693597382072147e-06 1.999780478138598325e-06
1.481613482004180447e-06 1.490454047888917269e-06 1.499502807406704264e-06 1.508765930133220213e-06 1.518249819890638744e-06 1.527961125890688109e-06 1.537906754521360918e-06 1.548093881821346234e-06 1.558529966689793406e-06 1.569222764882814729e-06 1.580180343852381410e-06 1.591411098487801768e-06 1.602923767825048487e-06 1.614727452794655211e-06 1.626831635084987598e-06 1.639246197204291734e-06 1.651981443832249198e-06 1.665048124559741416e-06 1.678457458124431204e-06 1.692221158259445517e-06 1.706351461283258494e-06 1.720861155570712297e-06 1.735763613058305940e-06 1.751072822951396024e-06 1.766803427817099659e-06 1.782970762264591012e-06 1.799590894434309682e-06 1.816680670539689035e-06 1.834257762729524116e-06 1.852340720566388638e-06 1.870949026446886240e-06 1.890103155323342149e-06 1.909824639124228848e-06 1.930136136312621818e-06 1.951061507068759662e-06 1.972625894635002479e-06 1.994855813419555181e-06 2.017779244520154956e-06 2.041425739401042080e-06 2.065826532536832419e-06 2.091014663926264312e-06 2.117025112478053380e-06 2.143894941381360589e-06 2.171663456695614686e-06 2.200372380529882113e-06 2.230066040331754528e-06 2.260791575971095804e-06 2.292599166486357021e-06 2.325542278561747019e-06 2.359677939023728098e-06 2.395067033886707020e-06
1.713806676036171779e-06 1.724705823321919350e-06 1.735868259144163237e-06 1.747302065018355160e-06 1.759015642081893903e-06 1.771017726973072504e-06 1.783317408669754223e-06 1.795924146356643390e-06 1.808847788395836784e-06 1.822098592481619405e-06 1.835687247067445489e-06 1.849624894160637184e-06 1.863923153588741559e-06 1.878594148850697266e-06 1.893650534676122766e-06 1.909105526427256968e-06 1.924972931490456590e-06 1.941267182817797724e-06 1.958003374794501546e-06 1.975197301624585586e-06 1.992865498445721024e-06 2.011025285404844927e-06 2.029694814948865635e-06 2.048893122610163381e-06 2.068640181594752596e-06 2.088956961512255748e-06 2.109865491621680448e-06 2.131388929005720022e-06 2.153551632129441776e-06 2.176379240287187057e-06 2.199898759494974023e-06 2.224138655445121479e-06 2.249128954205986966e-06 2.274901351423269933e-06 2.301489330861157171e-06 2.328928293212412449e-06 2.357255696207359255e-06 2.386511207163520172e-06 2.416736869241511432e-06 2.447977282809712326e-06 2.480279803471566005e-06 2.513694758476085462e-06 2.548275683415831988e-06 2.584079581318280575e-06 2.621167206457672483e-06 2.659603375456480011e-06 2.699457308509596073e-06 2.740803003852005103e-06 2.783719648902903070e-06 2.828292071857433478e-06 2.874611237862412919e-06
1.983050976416279165e-06 1.996455238180092660e-06 2.010191821999017039e-06 2.024271296447778353e-06 2.038704665477961997e-06 2.053503391003296259e-06 2.068679416912897453e-06 2.084245194619904585e-06 2.100213710262274642e-06 2.116598513682979811e-06 2.133413749328186711e-06 2.150674189214661312e-06 2.168395268131529448e-06 2.186593121256852881e-06 2.205284624386524007e-06 2.224487436991726714e-06 2.244220048342041569e-06 2.264501826954356404e-06 2.285353073653286962e-06 2.306795078557252622e-06 2.328850182335811053e-06 2.351541842118936777e-06 2.374894702477761697e-06 2.398934671939599360e-06 2.423689005548110372e-06 2.449186394032880309e-06 2.475457060212120703e-06 2.502532863318146487e-06 2.530447412008593983e-06 2.559236186907764542e-06 2.588936673612688413e-06 2.619588507198662900e-06 2.651233629369809542e-06 2.683916459522822968e-06 2.717684081127558081e-06 2.752586444977533697e-06 2.788676591028061754e-06 2.826010890720735713e-06 2.864649311891684191e-06 2.904655708578620660e-06 2.946098138279578754e-06 2.989049209475642653e-06 3.033586462512083799e-06 3.079792787238558700e-06 3.127756881140232352e-06 3.177573752049288790e-06 3.229345269910742887e-06 3.283180772489085602e-06 3.339197730343125173e-06 3.397522476866260893e-06 3.458291009688183658e-06
2.295397853757637746e-06 2.311848314803552804e-06 2.328717559578241967e-06 2.346019390424392197e-06 2.363768201893248635e-06 2.381979012815922606e-06 2.400667500495103886e-06 2.419850037184074058e-06 2.439543729035198262e-06 2.459766457717024317e-06 2.480536924917718602e-06 2.501874699973239528e-06 2.523800270881547641e-06 2.546335098989349863e-06 2.569501677666004822e-06 2.593323595310263882e-06 2.617825603070006817e-06 2.643033687693386522e-06 2.668975149972273273e-06 2.695678689286051038e-06 2.723174494806083611e-06 2.751494343979338813e-06 2.780671708974079610e-06 2.810741871842078644e-06 2.841742049231094942e-06 2.873711527569310434e-06 2.906691809740666243e-06 2.940726774377816075e-06 2.975862849018351371e-06 3.012149198501352752e-06 3.049637930126131403e-06 3.088384317254394184e-06 3.128447043212230516e-06 3.169888467540389354e-06 3.212774916851680227e-06 3.257177002783978681e-06 3.303169969787808613e-06 3.350834075759736257e-06 3.400255008828121804e-06 3.451524343917331398e-06 3.504740043061099212e-06 3.560007003806496386e-06 3.617437660447476184e-06 3.677152643251817787e-06 3.739281501298062902e-06 3.803963495019536130e-06 3.871348465060922465e-06 3.941597784588620234e-06 4.014885402758427025e-06 4.091398987631996845e-06 4.171341177445491006e-06
2.657959285781546513e-06 2.678112545522342678e-06 2.698792872998561507e-06 2.720018274842016195e-06 2.741807562292440940e-06 2.764180396673705628e-06 2.787157338011862494e-06 2.810759897053257568e-06 2.835010590965518506e-06 2.859933003031449382e-06 2.885551846675982241e-06 2.911893034199633335e-06 2.938983750628926061e-06 2.966852533135163163e-06 2.995529356518314419e-06 3.025045725303167918e-06 3.055434773050608776e-06 3.086731369548817842e-06 3.118972236617664254e-06 3.152196073335473452e-06 3.186443691581420659e-06 3.221758162879768092e-06 3.258184977634893147e-06 3.295772217959604234e-06 3.334570745424384136e-06 3.374634405193129893e-06 3.416020248162664378e-06 3.458788772889944652e-06 3.503004189273603093e-06 3.548734706156401575e-06 3.596052845233637641e-06 3.645035783890524420e-06 3.695765729850454038e-06 3.748330330796791910e-06 3.802823122434624097e-06 3.859344018786660520e-06 3.917999848870114478e-06 3.978904944279743081e-06 4.042181782606609641e-06 4.107961692053484886e-06 4.176385623065584479e-06 4.247604993280331064e-06 4.321782612610781790e-06 4.399093695814615775e-06 4.479726970462209646e-06 4.563885888802745081e-06 4.651789952634465004e-06 4.743676160911867308e-06 4.839800590466796935e-06 4.940440120878338450e-06 5.045894315195613012e-06
3.079118104907671517e-06 3.103772379247007201e-06 3.129089378985433092e-06 3.155092578264938829e-06 3.181806543454836246e-06 3.209256997550520267e-06 3.237470889215055406e-06 3.266476466860553237e-06 3.296303358205161757e-06 3.326982655784505345e-06 3.358547008944122365e-06 3.391030722892109152e-06 3.424469865449662526e-06 3.458902382201760702e-06 3.494368220821820453e-06 3.530909465423202088e-06 3.568570481877879753e-06 3.607398075139159759e-06 3.647441659711881679e-06 3.688753444531003518e-06 3.731388633638839158e-06 3.775405644193452191e-06 3.820866343496906489e-06 3.867836306903342676e-06 3.916385098654225634e-06 3.966586577892863540e-06 4.018519232333405754e-06 4.072266542302289891e-06 4.127917378133475497e-06 4.185566434183937651e-06 4.245314703043719085e-06 4.307269993846252966e-06 4.371547498940453610e-06 4.438270413566992486e-06 4.507570613587302857e-06 4.579589396746043989e-06 4.654478293405475520e-06 4.732399953173593407e-06 4.813529114356340090e-06 4.898053663696838655e-06 4.986175794420476341e-06 5.078113271182023246e-06 5.174100811108160833e-06 5.274391590743428159e-06 5.379258889337027370e-06 5.488997879549015329e-06 5.603927577303747940e-06 5.724392963171986417e-06 5.850767288316350588e-06 5.983454578683187715e-06 6.122892351761974913e-06
3.568785587177477916e-06 3.598913347384678103e-06 3.629873902190973906e-06 3.661697840303008486e-06 3.694417232152446854e-06 3.728065720963780017e-06 3.762678620657314869e-06 3.798293021191482498e-06 3.834947902008777622e-06 3.872684254316115289e-06 3.911545213003766917e-06 3.951576199088203395e-06 3.992825073653631524e-06 4.035342304365731325e-06 4.079181145739851463e-06 4.124397834465636283e-06 4.171051801221663161e-06 4.219205900558140499e-06 4.268926660584165217e-06 4.320284554369411860e-06 4.373354295159541446e-06 4.428215157711249375e-06 4.484951328277669989e-06 4.543652286018985541e-06 4.604413218877545405e-06 4.667335477242630921e-06 4.732527069037950301e-06 4.800103200195989623e-06 4.870186864838218904e-06 4.942909489858966524e-06 5.018411639014529652e-06 5.096843782047415904e-06 5.178367134828665719e-06 5.263154576978574026e-06 5.351391653927345460e-06 5.443277670901097935e-06 5.539026886864133850e-06 5.638869817013828249e-06 5.743054653007862004e-06 5.851848810702509914e-06 5.965540615792432722e-06 6.084441138364053569e-06 6.208886188002006881e-06 6.339238481718009025e-06 6.475889997598921900e-06 6.619264527691202659e-06 6.769820444247216740e-06 6.928053694049186940e-06 7.094501036093212964e-06 7.269743538452199764e-06 7.454410350635758158e-06
4.138717971722186157e-06 4.175506931226844665e-06 4.213342121615342939e-06 4.252263397803387909e-06 4.292312623913528546e-06 4.333533801830629517e-06 4.375973209764799411e-06 4.419679551728568031e-06 4.464704118925527185e-06 4.511100964147179172e-06 4.558927090384204297e-06 4.608242654978767874e-06 4.659111190776513362e-06 4.711599845881905390e-06 4.765779643778965510e-06 4.821725765752992075e-06 4.879517857737783819e-06 4.939240363918939330e-06 5.000982889647532266e-06 5.064840596461216713e-06 5.130914632272238936e-06 5.199312600065172723e-06 5.270149068752126571e-06 5.343546130160278120e-06 5.419634006476893596e-06 5.498551712850448531e-06 5.580447780243773613e-06 5.665481044056108800e-06 5.753821504475616568e-06 5.845651264991591001e-06 5.941165555985881616e-06 6.040573850834904317e-06 6.144101082485318195e-06 6.251988969017079288e-06 6.364497457274214418e-06 6.481906294224724513e-06 6.604516736303084245e-06 6.732653407589191039e-06 6.866666318282314223e-06 7.006933055534203287e-06 7.153861159307059236e-06 7.307890696515650865e-06 7.469497047292576401e-06 7.639193917776827803e-06 7.817536594362412027e-06 8.005125454849259826e-06 8.202609752407537033e-06 8.410691688690987585e-06 8.630130792808385866e-06 8.861748623177116376e-06 9.106433809530856615e-06
4.802906761860922238e-06 4.847811562850966355e-06 4.894030836506589771e-06 4.941616520125913185e-06 4.990623274380594411e-06 5.041108664340381022e-06 5.093133355035054002e-06 5.146761322890088150e-06 5.202060084503591762e-06 5.259100944375671188e-06 5.317959263358324459e-06 5.378714749765415276e-06 5.441451775269043490e-06 5.506259717911726359e-06 5.573233334784358718e-06 5.642473167158730951e-06 5.714085981121424637e-06 5.788185247034049316e-06 5.864891661443917778e-06 5.944333715389719437e-06 6.026648313389531240e-06 6.111981447763706321e-06 6.200488933333044624e-06 6.292337207943416676e-06 6.387704204701156358e-06 6.486780302258861950e-06 6.589769359967889637e-06 6.696889845210782986e-06 6.808376060742744435e-06 6.924479480404508674e-06 7.045470202117287635e-06 7.171638527631760131e-06 7.303296679074341905e-06 7.440780662912249747e-06 7.584452292540479150e-06 7.734701381275189638e-06 7.891948118114501960e-06 8.056645639195285285e-06 8.229282808427899475e-06 8.410387221324910930e-06 8.600528446549383162e-06 8.800321520187034588e-06 9.010430708188883436e-06 9.231573552830194394e-06 9.464525219381052888e-06 9.710123159476796801e-06 9.969272107905474971e-06 1.024294942968673308e-05 1.053221083439405482e-05 1.083819647466163053e-05 1.116213744570888655e-05
5.578061735735344674e-06 5.632869394544134428e-06 5.689329235394719215e-06 5.747508969858562183e-06 5.807479998943699265e-06 5.869317667082956393e-06 5.933101537017071909e-06 5.998915687498052949e-06 6.066849035920763122e-06 6.136995688189514613e-06 6.209455318341598568e-06 6.284333580682936793e-06 6.361742557442460908e-06 6.441801245222815466e-06 6.524636083816039049e-06 6.610381531264524450e-06 6.699180689380594663e-06 6.791185984292538356e-06 6.886559906961258188e-06 6.985475819009767906e-06 7.088118829627411239e-06 7.194686749751269115e-06 7.305391130188288841e-06 7.420458390821804473e-06 7.540131048544369438e-06 7.664669052073213755e-06 7.794351232333272299e-06 7.929476877633315454e-06 8.070367443410483613e-06 8.217368406874220419e-06 8.370851277439393204e-06 8.531215774395684235e-06 8.698892183812897486e-06 8.874343907224645022e-06 9.058070215161486612e-06 9.250609219114289819e-06 9.452541075993421151e-06 9.664491439604725129e-06 9.887135174082656514e-06 1.012120034459896680e-05 1.036747250099540774e-05 1.062679927026508123e-05 1.090009527402204874e-05 1.118834738724618519e-05 1.149262035466274295e-05 1.181406278110546628e-05 1.215391351211116259e-05 1.251350842079350319e-05 1.289428761673487765e-05 1.329780309220896702e-05 1.372572682049147565e-05
6.484210851329750114e-06 6.551123941887116422e-06 6.620115245880330315e-06 6.691273093942771717e-06 6.764690810485383039e-06 6.840467068239049168e-06 6.918706272426365279e-06 6.999518977263811992e-06 7.083022337738950504e-06 7.169340599869334170e-06 7.258605632931142838e-06 7.350957507446822292e-06 7.446545123042402552e-06 7.545526890627445516e-06 7.648071473713431132e-06 7.754358594070382690e-06 7.864579907325584335e-06 7.978939954533077481e-06 8.097657196186097947e-06 8.220965135607075279e-06 8.349113539128827268e-06 8.482369760975364245e-06 8.621020181258807067e-06 8.765371766028059064e-06 8.915753758832937909e-06 9.072519513800731493e-06 9.236048480757815663e-06 9.406748353463573122e-06 9.585057392552558930e-06 9.771446935300941335e-06 9.966424104838305300e-06 1.017053473191323298e-05 1.038436650278373151e-05 1.060855234723806919e-05 1.084377408115104011e-05 1.109076631834091867e-05 1.135032066680637599e-05 1.162329022468550150e-05 1.191059439148439572e-05 1.221322401026379219e-05 1.253224685654354251e-05 1.286881348967863396e-05 1.322416348237020659e-05 1.359963204379352129e-05 1.399665705154370825e-05 1.441678650721130682e-05 1.486168642989400532e-05 1.533314920131877393e-05 1.583310237547959674e-05 1.636361796477847565e-05 1.692692221357995297e-05
7.545448001895362695e-06 7.627190746532973142e-06 7.711550365151857169e-06 7.798642165610274245e-06 7.888588204958039304e-06 7.981517780949909610e-06 8.077567964892660713e-06 8.176884179503915895e-06 8.279620825769559868e-06 8.385941963115227301e-06 8.496022047555734598e-06 8.610046732854655661e-06 8.728213740114283383e-06 8.850733801623343326e-06 8.977831685215510905e-06 9.109747305835018812e-06 9.246736931465244862e-06 9.389074491050127758e-06 9.537052992525696889e-06 9.690986059576435973e-06 9.851209596237187321e-06 1.001808358897243536e-05 1.019199405637803211e-05 1.037335515716221987e-05 1.056261146756962000e-05 1.076024043990921762e-05 1.096675505433132582e-05 1.118270667646439319e-05 1.140868813396546739e-05 1.164533702545339902e-05 1.189333927567623423e-05 1.215343295110846528e-05 1.242641235047497908e-05 1.271313238495018042e-05 1.301451326297900969e-05 1.333154549480380233e-05 1.366529523185322689e-05 1.401690995614949931e-05 1.438762453481267428e-05 1.477876765457871625e-05 1.519176865099545214e-05 1.562816474660929574e-05 1.608960871199914568e-05 1.657787696294294523e-05 1.709487810630893112e-05 1.764266194643734207e-05 1.822342896280897714e-05 1.883954026867346802e-05 1.949352805901893038e-05 2.018810655479450562e-05 2.092618344863137641e-05
8.790868277652522835e-06 8.890822239956734259e-06 8.994075753846291396e-06 9.100779439047996936e-06 9.211093015660005916e-06 9.325185979599345430e-06 9.443238334631213186e-06 9.565441385827978541e-06 9.691998599676496647e-06 9.823126536441734177e-06 9.959055860801597723e-06 1.010003243719150960e-05 1.024631851673688085e-05 1.039819402310474309e-05 1.055595794507202791e-05 1.071992984408382228e-05 1.089045148555900558e-05 1.106788860318976820e-05 1.125263280597266312e-05 1.144510363819895256e-05 1.164575080311682607e-05 1.185505656145471575e-05 1.207353831645822892e-05 1.230175139753950354e-05 1.254029205506211939e-05 1.278980067918292900e-05 1.305096525603860038e-05 1.332452507489530300e-05 1.361127470016926910e-05 1.391206822246898127e-05 1.422782380300152425e-05 1.455952852582101139e-05 1.490824357247070206e-05 1.527510973357733948e-05 1.566135327189116939e-05 1.606829215112198881e-05 1.649734264469577711e-05 1.695002633824062508e-05 1.742797753919995461e-05 1.793295110645718303e-05 1.846683071223285399e-05 1.903163754777366631e-05 1.962953948348523302e-05 2.026286069315547971e-05 2.093409175076472756e-05 2.164590020706789577e-05 2.240114165165350892e-05 2.320287126451833182e-05 2.405435585933120990e-05 2.495908641848082344e-05 2.592079111769305584e-05
1.025574152139395595e-05 1.037811952922149468e-05 1.050466433453684778e-05 1.063557276602073618e-05 1.077105388141631583e-05 1.091132988589029846e-05 1.105663712623164439e-05 1.120722716705769651e-05 1.136336795561643186e-05 1.152534508220652215e-05 1.169346314368117348e-05 1.186804721795654350e-05 1.204944445790760089e-05 1.223802581350187963e-05 1.243418789149106874e-05 1.263835496244896884e-05 1.285098112540875471e-05 1.307255264080828303e-05 1.330359044289633857e-05 1.354465284318035135e-05 1.379633843690317136e-05 1.405928922491839896e-05 1.433419396368615019e-05 1.462179175642913620e-05 1.492287589876767561e-05 1.523829799238737335e-05 1.556897234048000719e-05 1.591588063883159811e-05 1.628007697650704039e-05 1.666269316009418022e-05 1.706494437541623751e-05 1.748813520049553302e-05 1.793366598334938318e-05 1.840303959791535313e-05 1.889786859103199078e-05 1.941988273293940594e-05 1.997093698320211020e-05 2.055301988329223548e-05 2.116826238629299884e-05 2.181894713328621518e-05 2.250751818496166188e-05 2.323659121582281840e-05 2.400896417705093461e-05 2.482762843261598513e-05 2.569578037157602111e-05 2.661683349767252353e-05 2.759443099529246133e-05 2.863245876861416519e-05 2.973505894826707698e-05 3.090664385709843370e-05 3.215191042363890067e-05
1.198298912214444835e-05 1.213305846482071990e-05 1.228839876510862564e-05 1.244926724816485565e-05 1.261593749720414400e-05 1.278870068666994229e-05 1.296786691474437341e-05 1.315376664276186301e-05 1.334675224953166369e-05 1.354719970902061273e-05 1.375551040029592058e-05 1.397211305907536948e-05 1.419746588067654715e-05 1.443205878459302963e-05 1.467641585135045883e-05 1.493109794270582199e-05 1.519670551664336029e-05 1.547388164898771550e-05 1.576331527379356076e-05 1.606574465497722675e-05 1.638196110192512118e-05 1.671281294204123784e-05 1.705920976337844079e-05 1.742212694062923910e-05 1.780261045782931953e-05 1.820178204114541472e-05 1.862084461507495335e-05 1.906108809527354425e-05 1.952389553104483383e-05 2.001074961027032365e-05 2.052323953922088315e-05 2.106306830927294631e-05 2.163206036204477157e-05 2.223216966386848840e-05 2.286548819981479481e-05 2.353425489668336585e-05 2.424086498345779674e-05 2.498787979668783062e-05 2.577803703709978295e-05 2.661426148243337860e-05 2.749967616005380208e-05 2.843761398127465811e-05 2.943162983754100514e-05 3.048551315664718023e-05 3.160330091498351199e-05 3.278929109940871843e-05 3.404805660970988370e-05 3.538445958972683605e-05 3.680366617206593579e-05 3.831116161789253731e-05 3.991276582956496561e-05
1.402504684157715338e-05 1.420941575023531552e-05 1.440046410656763282e-05 1.459852789537208224e-05 1.480396485437758933e-05 1.501715610697982971e-05 1.523850792194746577e-05 1.546845360900983232e-05 1.570745555966106030e-05 1.595600744293313542e-05 1.621463656629724718e-05 1.648390641224565631e-05 1.676441936148097685e-05 1.705681961399205663e-05 1.736179631962150559e-05 1.768008693002505116e-05 1.801248078418265808e-05 1.835982293984236437e-05 1.872301826345440523e-05 1.910303579128328405e-05 1.950091337446285814e-05 1.991776262078266146e-05 2.035477414595659670e-05 2.081322314702659879e-05 2.129447531038838537e-05 2.179999306669253722e-05 2.233134220456673636e-05 2.289019885472227272e-05 2.347835685554549456e-05 2.409773551072948337e-05 2.475038774886774486e-05 2.543850869420789072e-05 2.616444465694032595e-05 2.693070255047309719e-05 2.773995974210827223e-05 2.859507434238276437e-05 2.949909593705764160e-05 3.045527676432230495e-05 3.146708333821629424e-05 3.253820851754547387e-05 3.367258401766927298e-05 3.487439336044691559e-05 3.614808525533672604e-05 3.749838740212824568e-05 3.893032070303643514e-05 4.044921386888301033e-05 4.206071840081815691e-05 4.377082392548215119e-05 4.558587385765732847e-05 4.751258136030762702e-05 4.955804556743968243e-05
1.644621872073287865e-05 1.667320369708961614e-05 1.690866742954268205e-05 1.715304825076996675e-05 1.740681321359427864e-05 1.767046021946365510e-05 1.794452030506543346e-05 1.822956009712645218e-05 1.852618444581114159e-05 1.883503924746752475e-05 1.915681446778409012e-05 1.949224737670491461e-05 1.984212600670091366e-05 2.020729284620897419e-05 2.058864878022266382e-05 2.098715729014535622e-05 2.140384892509432927e-05 2.183982605687009867e-05 2.229626793077451571e-05 2.277443602437188752e-05 2.327567972613537971e-05 2.380144234570533732e-05 2.435326746720158715e-05 2.493280565667893814e-05 2.554182153438829298e-05 2.618220122200462925e-05 2.685596017440437076e-05 2.756525140491313081e-05 2.831237411220077505e-05 2.909978271616618366e-05 2.993009630922594436e-05 3.080610852839374680e-05 3.173079785240230568e-05 3.270733832687095795e-05 3.373911071914830346e-05 3.482971410295187544e-05 3.598297787127297833e-05 3.720297417420026563e-05 3.849403077633008034e-05 3.986074432625379084e-05 4.130799402823249767e-05 4.284095570356691345e-05 4.446511622632957450e-05 4.618628831503372072e-05 4.801062565844892789e-05 4.994463835012869217e-05 5.199520860227535210e-05 5.416960670532379338e-05 5.647550719507668602e-05 5.892100518436322703e-05 6.151463281103037738e-05
1.932565444316757818e-05 1.960575014313109662e-05 1.989662507303416932e-05 2.019884993377347261e-05 2.051303302625337476e-05 2.083982297999378941e-05 2.117991167338656187e-05 2.153403735640982628e-05 2.190298798685167767e-05 2.228760479130081611e-05 2.268878606232824897e-05 2.310749120340837640e-05 2.354474503320460447e-05 2.400164236087175553e-05 2.447935284400125385e-05 2.497912614075291891e-05 2.550229736757585964e-05 2.605029287371947078e-05 2.662463634346901170e-05 2.722695523671136557e-05 2.785898757803713651e-05 2.852258910412091878e-05 2.921974077858344927e-05 2.995255668293104543e-05 3.072329229148390095e-05 3.153435313744363746e-05 3.238830387640921990e-05 3.328787775272457739e-05 3.423598647302581762e-05 3.523573049024598079e-05 3.629040970012208784e-05 3.740353455092696112e-05 3.857883756570357653e-05 3.982028527470574223e-05 4.113209055402976120e-05 4.251872536454474394e-05 4.398493388318067110e-05 4.553574601639495721e-05 4.717649128319609443e-05 4.891281305243613624e-05 5.075068311618222589e-05 5.269641657781592851e-05 5.475668703008091976e-05 5.693854199458690243e-05 5.924941859026963903e-05 6.169715939400125546e-05 6.429002845192845845e-05 6.703672739520282722e-05 6.994641160855150715e-05 7.302870639463985062e-05 7.629372307141576754e-05
2.276111544777785438e-05 2.310759346152076808e-05 2.346779212012694167e-05 2.384245228281830023e-05 2.423236356171302696e-05 2.463836775782047011e-05 2.506136252273901050e-05 2.550230525705784185e-05 2.596221725653887995e-05 2.644218811718250495e-05 2.694338041025738463e-05 2.746703463829703524e-05 2.801447448293352391e-05 2.858711235524675879e-05 2.918645525905653226e-05 2.981411097727315037e-05 3.047179459104544053e-05 3.116133534100756178e-05 3.188468383942192594e-05 3.264391964144608367e-05 3.344125918311687039e-05 3.427906409293984651e-05 3.515984988320079577e-05 3.608629502626975791e-05 3.706125042024921033e-05 3.808774924731968042e-05 3.916901722705426648e-05 4.030848326580281713e-05 4.150979050197766362e-05 4.277680774569984039e-05 4.411364130977331441e-05 4.552464722733750685e-05 4.701444384978806690e-05 4.858792481664110196e-05 5.025027238692720400e-05 5.200697111942759264e-05 5.386382188658056486e-05 5.582695620418298292e-05 5.790285085606446732e-05 6.009834278970865265e-05 6.242064425532231056e-05 6.487735815709206027e-05 6.747649358131568712e-05 7.022648146173949668e-05 7.313619033777607058e-05 7.621494215632273843e-05 7.947252806265080389e-05 8.291922412032021314e-05 8.656580689429971699e-05 9.042356882548171029e-05 9.450433331860748516e-05
2.687373374906544876e-05 2.730340152833705115e-05 2.775054777989814916e-05 2.821613049469763731e-05 2.870117020106857279e-05 2.920675421066921718e-05 2.973404112230666079e-05 3.028426559411620214e-05 3.085874339444177037e-05 3.145887674158021063e-05 3.208615994231127795e-05 3.274218533883636591e-05 3.342864957339154155e-05 3.414736017938134596e-05 3.490024250740270334e-05 3.568934699398887742e-05 3.651685678030558457e-05 3.738509568737019307e-05 3.829653655364642330e-05 3.925380994008316021e-05 4.025971320682218181e-05 4.131721996488848478e-05 4.242948990520064537e-05 4.359987900618805508e-05 4.483195012017688913e-05 4.612948393749685162e-05 4.749649032596026132e-05 4.893722004196419858e-05 5.045617680795212186e-05 5.205812974933436617e-05 5.374812618218828856e-05 5.553150474112776677e-05 5.741390883462753092e-05 5.940130041279400886e-05 6.149997403007576783e-05 6.371657118267712219e-05 6.605809489747221485e-05 6.853192454598530073e-05 7.114583085349938767e-05 7.390799106956493880e-05 7.682700426209379898e-05 7.991190669283595191e-05 8.317218722734915292e-05 8.661780272758861125e-05 9.025919336997701749e-05 9.410729782628433091e-05 9.817356823887657652e-05 1.024699849159200051e-04 1.070090706659890023e-04 1.118039046852811297e-04 1.168681359043421215e-04
3.181401136603578182e-05 3.234816732824457886e-05 3.290459391869260294e-05 3.348452381609179313e-05 3.408926897860239691e-05 3.472022578788092496e-05 3.537888047842934820e-05 3.606681486137759587e-05 3.678571235148528172e-05 3.753736430574757302e-05 3.832367668152957511e-05 3.914667702163931963e-05 4.000852177317758892e-05 4.091150394637617420e-05 4.185806111895611949e-05 4.285078379080232617e-05 4.389242409296246811e-05 4.498590485413657549e-05 4.613432902692574328e-05 4.734098947515464072e-05 4.860937912256914882e-05 4.994320146213154278e-05 5.134638142399036644e-05 5.282307659897564898e-05 5.437768881316338616e-05 5.601487604764564970e-05 5.773956469613015857e-05 5.955696215135668518e-05 6.147256970954479555e-05 6.349219578015800338e-05 6.562196938617014528e-05 6.786835393772608664e-05 7.023816125958824372e-05 7.273856585002732330e-05 7.537711934583745949e-05 7.816176516491276651e-05 8.110085329430147499e-05 8.420315518784124919e-05 8.747787873337067139e-05 9.093468324510061351e-05 9.458369443201698865e-05 9.843551928818594003e-05 1.025012608455494245e-04 1.067925327242632519e-04 1.113214734098698589e-04 1.161007601806425717e-04 1.211436226023487341e-04 1.264638555014970076e-04 1.320758313219309160e-04 1.379945117634727523e-04 1.442354585952921296e-04
3.776935603201278107e-05 3.843498087286614340e-05 3.912897002803653528e-05 3.985290025653011401e-05 4.060844755024996765e-05 4.139739323859107365e-05 4.222163039788211702e-05 4.308317057264615722e-05 4.398415081510131084e-05 4.492684104872073580e-05 4.591365176102021395e-05 4.694714203004119379e-05 4.803002788825276863e-05 4.916519102680263326e-05 5.035568784221197534e-05 5.160475882672734091e-05 5.291583830261453785e-05 5.429256449970521435e-05 5.573878997447967828e-05 5.725859236788725183e-05 5.885628549796030189e-05 6.053643078206445705e-05 6.230384898233095920e-05 6.416363226643068747e-05 6.612115657435816026e-05 6.818209428027907811e-05 7.035242713674516981e-05 7.263845948667511303e-05 7.504683172641572590e-05 7.758453400092581577e-05 8.025892010962898035e-05 8.307772159876079712e-05 8.604906201305400953e-05 8.918147127635837738e-05 9.248390016725970377e-05 9.596573485193575156e-05 9.963681143235741521e-05 1.035074304635112550e-04 1.075883713885901564e-04 1.118909068360718660e-04 1.164268167173196009e-04 1.212084020577886147e-04 1.262484984891766961e-04 1.315604893239234155e-04 1.371583181274155683e-04 1.430565006971431911e-04 1.492701363519430952e-04 1.558149184284352961e-04 1.627071438758933761e-04 1.699637218351740433e-04 1.776021810820628489e-04
4.497349760224179845e-05 4.580472413610154302e-05 4.667203301373301291e-05 4.757742723680148086e-05 4.852303233955397729e-05 4.951110347866609346e-05 5.054403283662082196e-05 5.162435734271786760e-05 5.275476671509650564e-05 5.393811182640123169e-05 5.517741339492659785e-05 5.647587100225144726e-05 5.783687243751014763e-05 5.926400336754875331e-05 6.076105733128447131e-05 6.233204605560966932e-05 6.398121008917101807e-05 6.571302974928891472e-05 6.753223637616560609e-05 6.944382388734787715e-05 7.145306062415129683e-05 7.356550148040663011e-05 7.578700030243773315e-05 7.812372254760819527e-05 8.058215818706415082e-05 8.316913483642941881e-05 8.589183109616070416e-05 8.875779008102139005e-05 9.177493311565943998e-05 9.495157357056453089e-05 9.829643080970286190e-05 1.018186442178812092e-04 1.055277872723459282e-04 1.094338816192836066e-04 1.135474111117382417e-04 1.178793357610058727e-04 1.224411055488091563e-04 1.272446740425134718e-04 1.323025117503331038e-04 1.376276191479264797e-04 1.432335393020304581e-04 1.491343700108737052e-04 1.553447753751024984e-04 1.618799967069037510e-04 1.687558626789940831e-04 1.759887986092456514e-04 1.835958347710102303e-04 1.915946136137967458e-04 2.000033957739313440e-04 2.088410647503050001e-04 2.181271301163743067e-04
5.371817460163980356e-05 5.475807776424563140e-05 5.584378902269319727e-05 5.697783295088922501e-05 5.816288326653097716e-05 5.940177088183302718e-05 6.069749226317932103e-05 6.205321810042851560e-05 6.347230228578554614e-05 6.495829120131284317e-05 6.651493331329210942e-05 6.814618907075577724e-05 6.985624110459710617e-05 7.164950472271981350e-05 7.353063869571367672e-05 7.550455632652217693e-05 7.757643679650115369e-05 7.975173677913995236e-05 8.203620231151608985e-05 8.443588091226606591e-05 8.695713393346357753e-05 8.960664913228031303e-05 9.239145344664655417e-05 9.531892595730616239e-05 9.839681101665189149e-05 1.016332315225089357e-04 1.050367023125871302e-04 1.086161436526231406e-04 1.123808947882644566e-04 1.163407275274910922e-04 1.205058598168146967e-04 1.248869692706299005e-04 1.294952066089181584e-04 1.343422089540109092e-04 1.394401129323379941e-04 1.448015675220031722e-04 1.504397465816985498e-04 1.563683609908988938e-04 1.626016703255236419e-04 1.691544939873560664e-04 1.760422216995426279e-04 1.832808232744972336e-04 1.908868575546216893e-04 1.988774804204693030e-04 2.072704517554390866e-04 2.160841412508821523e-04 2.253375329307253619e-04 2.350502282704830493e-04 2.452424477819374594e-04 2.559350309319241719e-04 2.671494342616804888e-04
6.436751477107415800e-05 6.567025820768983475e-05 6.703098962863591592e-05 6.845286329424140595e-05 6.993921227808186760e-05 7.149355739619549883e-05 7.311961642589413660e-05 7.482131361134065298e-05 7.660278945222418314e-05 7.846841077101333580e-05 8.042278105339768193e-05 8.247075105563887959e-05 8.461742967163673709e-05 8.686819505156641969e-05 8.922870596294599969e-05 9.170491338394434018e-05 9.430307231761302013e-05 9.702975381451362652e-05 9.989185718989573425e-05 1.028966224201270343e-04 1.060516427014864774e-04 1.093648771526573981e-04 1.128446636402937256e-04 1.164997317048479945e-04 1.203392155614207379e-04 1.243726671477046015e-04 1.286100691881195655e-04 1.330618482399699822e-04 1.377388876838694866e-04 1.426525406167833301e-04 1.478146426018187530e-04 1.532375242243621313e-04 1.589340233993231759e-04 1.649174973691274306e-04 1.712018343267218082e-04 1.778014645922601175e-04 1.847313712663636442e-04 1.920071002769650965e-04 1.996447697307880752e-04 2.076610784745879553e-04 2.160733137654390892e-04 2.248993579436980948e-04 2.341576939968926423e-04 2.438674098977890658e-04 2.540482015953599167e-04 2.647203745334442159e-04 2.759048435686462983e-04 2.876231311565747304e-04 2.998973636739841889e-04 3.127502657438466184e-04 3.262051524309395999e-04
7.737554804634780249e-05 7.900891220941763530e-05 8.071540647431628477e-05 8.249893427345231201e-05 8.436361006829200477e-05 8.631376901198498975e-05 8.835397686748284584e-05 9.048904017493302192e-05 9.272401666133477582e-05 9.506422588463320602e-05 9.751526010359999857e-05 1.000829953639874624e-04 1.027736027905441779e-04 1.055935600735172307e-04 1.085496631372389757e-04 1.116490379772676534e-04 1.148991526513164316e-04 1.183078294078308856e-04 1.218832569345418781e-04 1.256340027076058785e-04 1.295690254200178217e-04 1.336976874658240449e-04 1.380297674542490117e-04 1.425754727251565010e-04 1.473454518342762990e-04 1.523508069733301893e-04 1.576031062865636181e-04 1.631143960412444877e-04 1.688972126054070946e-04 1.749645941815246753e-04 1.813300922398923467e-04 1.880077825903141305e-04 1.950122760252587706e-04 2.023587284620032326e-04 2.100628505054845710e-04 2.181409163476771764e-04 2.266097719133845691e-04 2.354868421564457366e-04 2.447901374046013070e-04 2.545382586457286492e-04 2.647504016429442835e-04 2.754463597612714378e-04 2.866465253843150933e-04 2.983718897957490378e-04 3.106440413975386115e-04 3.234851621347901692e-04 3.369180219960290373e-04 3.509659714576862243e-04 3.656529317426830640e-04 3.810033827653280434e-04 3.970423486383855877e-04
9.330727382543672389e-05 9.535557094402777106e-05 9.749566562745708414e-05 9.973233867000986922e-05 1.020706158641906220e-04 1.045157781903140117e-04 1.070733722142588819e-04 1.097492206842760383e-04 1.125494333170202820e-04 1.154804177622281979e-04 1.185488907346721280e-04 1.217618893011660072e-04 1.251267823094761591e-04 1.286512819449515694e-04 1.323434553995459439e-04 1.362117366365980884e-04 1.402649382332692314e-04 1.445122632808655213e-04 1.489633173213771044e-04 1.536281202964237828e-04 1.585171184823769861e-04 1.636411963827145478e-04 1.690116885456430533e-04 1.746403912716634743e-04 1.805395741720770310e-04 1.867219915353908379e-04 1.932008934542320190e-04 1.999900366606814498e-04 2.071036950129575443e-04 2.145566695711003844e-04 2.223642981938042716e-04 2.305424645828357464e-04 2.391076066956281565e-04 2.480767244407264434e-04 2.574673865648221920e-04 2.672977366342850361e-04 2.775864980084068331e-04 2.883529776961749622e-04 2.996170689833305644e-04 3.113992527119016618e-04 3.237205970903979011e-04 3.366027559095445131e-04 3.500679650359296612e-04 3.641390370543147806e-04 3.788393539287719875e-04 3.941928575532920183e-04 4.102240380641970796e-04 4.269579197896309058e-04 4.444200447156781042e-04 4.626364533543070507e-04 4.816336629054033419e-04
1.128636441054351055e-04 1.154309962731361438e-04 1.181129435445661788e-04 1.209152768940796222e-04 1.238440669463809090e-04 1.269056744337385308e-04 1.301067608038829237e-04 1.334542989673020595e-04 1.369555841719718287e-04 1.406182449928321883e-04 1.444502544224885983e-04 1.484599410486944911e-04 1.526560003030917633e-04 1.570475057644657110e-04 1.616439204983424500e-04 1.664551084131213668e-04 1.714913456110559299e-04 1.767633317102407654e-04 1.822822011113191406e-04 1.880595341798703640e-04 1.941073683123399943e-04 2.004382088499484516e-04 2.070650398012278894e-04 2.140013343297088690e-04 2.212610649587955529e-04 2.288587134410730343e-04 2.368092802341782450e-04 2.451282935199846323e-04 2.538318176982456379e-04 2.629364612800468384e-04 2.724593841005134545e-04 2.824183037642634094e-04 2.928315012311662885e-04 3.037178254441652288e-04 3.150966968953142493e-04 3.269881100209029315e-04 3.394126343116559709e-04 3.523914140196629215e-04 3.659461663399650455e-04 3.800991779417590998e-04 3.948732997220684654e-04 4.102919396535592458e-04 4.263790535980868570e-04 4.431591339585964299e-04 4.606571960442822121e-04 4.788987620274923846e-04 4.979098423757937321e-04 5.177169146489804573e-04 5.383468995585639081e-04 5.598271341965286099e-04 5.821853423507880555e-04
1.369107079563806006e-04 1.401246251094862710e-04 1.434806899449624648e-04 1.469858355426932508e-04 1.506473086572183919e-04 1.544726801460797911e-04 1.584698554854533411e-04 1.626470853603128426e-04 1.670129763156593869e-04 1.715765014545057930e-04 1.763470111673056979e-04 1.813342438763445566e-04 1.865483367772137859e-04 1.919998365578701118e-04 1.976997100738792177e-04 2.036593549562618890e-04 2.098906101258564514e-04 2.164057661852722631e-04 2.232175756563245029e-04 2.303392630272885666e-04 2.377845345704035669e-04 2.455675878857799623e-04 2.537031211232422209e-04 2.622063418286931348e-04 2.710929753563223591e-04 2.803792727824753529e-04 2.900820182512584607e-04 3.002185356760712540e-04 3.108066947152671980e-04 3.218649159341470975e-04 3.334121750595567474e-04 3.454680062275838578e-04 3.580525041193324668e-04 3.711863248746058073e-04 3.848906856686315015e-04 3.991873628328716696e-04 4.140986883975445398e-04 4.296475449308686731e-04 4.458573585483630616e-04 4.627520899648295081e-04 4.803562234620971133e-04 4.986947536472127176e-04 5.177931698786892483e-04 5.376774382426436402e-04 5.583739809663190549e-04 5.799096531635373423e-04 6.023117168151488100e-04 6.256078118975276449e-04 6.498259245835425737e-04 6.749943524532617213e-04 7.011416666657929514e-04
1.665129815458576479e-04 1.705281266108313613e-04 1.747183421240424783e-04 1.790918274623032227e-04 1.836571275957873907e-04 1.884231431757042111e-04 1.933991406445478432e-04 1.985947623551669668e-04 2.040200366839463959e-04 2.096853881222532313e-04 2.156016473289091965e-04 2.217800611248037126e-04 2.282323024088219756e-04 2.349704799720019033e-04 2.420071481842381842e-04 2.493553165248933051e-04 2.570284589253473426e-04 2.650405228878205226e-04 2.734059383407132920e-04 2.821396261862654819e-04 2.912570064915249351e-04 3.007740062684832001e-04 3.107070667838143915e-04 3.210731503329603887e-04 3.318897464074420725e-04 3.431748771782549092e-04 3.549471022121427634e-04 3.672255223314881698e-04 3.800297825226094713e-04 3.933800737915341670e-04 4.072971338608813506e-04 4.218022465964791690e-04 4.369172400478747438e-04 4.526644829830490913e-04 4.690668797945758673e-04 4.861478636522425286e-04 5.039313877759141322e-04 5.224419147022479806e-04 5.417044034198673389e-04 5.617442942498445226e-04 5.825874913519151800e-04 6.042603427417923227e-04 6.267896177113147079e-04 6.502024815509907128e-04 6.745264674837785209e-04 6.997894457296823618e-04 7.260195896328957340e-04 7.532453387967901447e-04 7.814953591868887802e-04 8.107985001780768520e-04 8.411837485395325630e-04
2.029708582270407476e-04 2.079728291355444091e-04 2.131887301681973409e-04 2.186281356137649904e-04 2.243009936301959214e-04 2.302176356896719171e-04 2.363887859841859668e-04 2.428255707767761648e-04 2.495395276821194192e-04 2.565426148584850469e-04 2.638472200910169682e-04 2.714661697439344499e-04 2.794127375565102112e-04 2.877006532545517436e-04 2.963441109456192084e-04 3.053577772622858080e-04 3.147567992134775363e-04 3.245568116992386264e-04 3.347739446392571853e-04 3.454248296601308442e-04 3.565266062807173294e-04 3.680969275290508461e-04 3.801539649182614938e-04 3.927164127027937997e-04 4.058034913300490650e-04 4.194349499964702662e-04 4.336310682111442212e-04 4.484126562643100684e-04 4.638010544928377189e-04 4.798181312299128610e-04 4.964862793219146407e-04 5.138284110919326582e-04 5.318679516266645087e-04 5.506288302616404182e-04 5.701354701389800897e-04 5.904127757122720971e-04 6.114861180747719173e-04 6.333813179900179158e-04 6.561246265082611856e-04 6.797427030577446157e-04 7.042625909070745604e-04 7.297116899034622331e-04 7.561177264017552050e-04 7.835087203106538226e-04 8.119129491954876461e-04 8.413589093912003138e-04 8.718752740947781615e-04 9.034908484231363906e-04 9.362345214403041110e-04 9.701352151765572441e-04 1.005221830681740994e-03
2.478615611779218849e-04 2.540704576077864197e-04 2.605385530622959843e-04 2.672768814585068731e-04 2.742968737508951946e-04 2.816103664661025901e-04 2.892296101409669437e-04 2.971672776469191099e-04 3.054364723816512320e-04 3.140507363064268167e-04 3.230240578044702381e-04 3.323708793325298228e-04 3.421061048339824311e-04 3.522451068776724019e-04 3.628037334821495046e-04 3.737983145800264175e-04 3.852456680719016074e-04 3.971631054136878889e-04 4.095684366753364809e-04 4.224799750028510980e-04 4.359165404092856856e-04 4.498974628141217628e-04 4.644425842441587179e-04 4.795722601028976572e-04 4.953073594094579849e-04 5.116692639024437040e-04 5.286798658989959494e-04 5.463615647946226195e-04 5.647372620854222095e-04 5.838303547911178433e-04 6.036647271550135696e-04 6.242647404956737020e-04 6.456552210849188971e-04 6.678614459277272064e-04 6.909091263218856450e-04 7.148243890788678369e-04 7.396337552924248061e-04 7.653641165478531141e-04 7.920427084728630211e-04 8.196970815403753453e-04 8.483550690445062960e-04 8.780447521833179350e-04 9.087944221956690367e-04 9.406325395145534235e-04 9.735876899156077581e-04 1.007688537656934022e-03 1.042963775624784501e-03 1.079442072519027577e-03 1.117152017132307671e-03 1.156122059797456145e-03 1.196380451098643175e-03
3.030827853520740457e-04 3.107562677278998312e-04 3.187409542196004445e-04 3.270493910848538922e-04 3.356945384276161740e-04 3.446897776078909669e-04 3.540489185015947512e-04 3.637862065896360804e-04 3.739163298521771097e-04 3.844544254404241575e-04 3.954160860942722787e-04 4.068173662696810528e-04 4.186747879348099105e-04 4.310053459887058227e-04 4.438265132507767611e-04 4.571562449633953919e-04 4.710129827438727526e-04 4.854156579157323649e-04 5.003836941428183895e-04 5.159370092833394546e-04 5.320960163745896412e-04 5.488816236529016519e-04 5.663152335074795891e-04 5.844187402612163263e-04 6.032145266666005508e-04 6.227254590003956057e-04 6.429748806371110180e-04 6.639866039784875391e-04 6.857849006143340240e-04 7.083944895893189500e-04 7.318405236506622061e-04 7.561485733533549174e-04 7.813446089024919097e-04 8.074549796166917860e-04 8.345063909023913437e-04 8.625258786361184515e-04 8.915407808606324669e-04 9.215787067111079738e-04 9.526675024993124831e-04 9.848352148968838021e-04 1.018110051173387815e-03 1.052520336460661347e-03 1.088094468031973808e-03 1.124860866602630030e-03 1.162847924677678016e-03 1.202083951992227511e-03 1.242597118110285023e-03 1.284415392269006896e-03 1.327566480576381500e-03 1.372077760691665883e-03 1.417976214139052456e-03
3.708978089777563349e-04 3.803333058464719064e-04 3.901388774913245000e-04 4.003285961401186399e-04 4.109169574044156149e-04 4.219188864108855777e-04 4.333497437292289467e-04 4.452253310690303654e-04 4.575618967135414118e-04 4.703761406536150543e-04 4.836852193798018965e-04 4.975067502850781965e-04 5.118588156247665284e-04 5.267599659740533668e-04 5.422292231171135183e-04 5.582860822953273055e-04 5.749505137354878146e-04 5.922429633723263424e-04 6.101843526732615231e-04 6.287960774670677423e-04 6.481000056723088465e-04 6.681184738159824232e-04 6.888742822280112706e-04 7.103906887930859157e-04 7.326914011380712688e-04 7.558005671308078589e-04 7.797427635648000819e-04 8.045429829041007711e-04 8.302266179637330171e-04 8.568194444033600150e-04 8.843476009156537795e-04 9.128375669960100405e-04 9.423161381869288138e-04 9.728103986985576265e-04 1.004347691316578254e-03 1.036955584519801696e-03 1.070661836742471847e-03 1.105494357730314172e-03 1.141481166954764212e-03 1.178650349066388044e-03 1.217030006386283668e-03 1.256648208452988127e-03 1.297532938661997851e-03 1.339712038055354288e-03 1.383213146339536299e-03 1.428063640231125309e-03 1.474290569251019865e-03 1.521920589109330068e-03 1.570979892844111270e-03 1.621494139897806681e-03 1.673488383335218488e-03
4.539805242837840712e-04 4.655162099140156061e-04 4.774875894907527245e-04 4.899102305305946987e-04 5.028001257177555118e-04 5.161736976587740465e-04 5.300478033719210327e-04 5.444397384733923231e-04 5.593672410168105263e-04 5.748484949366385304e-04 5.909021330398704901e-04 6.075472394839009742e-04 6.248033516717998092e-04 6.426904614894740370e-04 6.612290158024478320e-04 6.804399161232848941e-04 7.003445173542305162e-04 7.209646255034473684e-04 7.423224942674752679e-04 7.644408203673242223e-04 7.873427375210470666e-04 8.110518089318602148e-04 8.355920181680004345e-04 8.609877583086316148e-04 8.872638192293488607e-04 9.144453729013046197e-04 9.425579565797163797e-04 9.716274537606735392e-04 1.001680072789713945e-03 1.032742323011730115e-03 1.064840988359297023e-03 1.098003098285656263e-03 1.132255895959156239e-03 1.167626803648090300e-03 1.204143385238388032e-03 1.241833305841550782e-03 1.280724288466418082e-03 1.320844067745738110e-03 1.362220340727000574e-03 1.404880714756298696e-03 1.448852652504222785e-03 1.494163414203449058e-03 1.540839997188923460e-03 1.588909072852915001e-03 1.638396921148681500e-03 1.689329362797787953e-03 1.741731689377042699e-03 1.795628591481431609e-03 1.851044085179018826e-03 1.908001436992505864e-03 1.966523087659649473e-03
5.554585997826092057e-04 5.694727546659384765e-04 5.839945675174791975e-04 5.990410234930823976e-04 6.146295269264101654e-04 6.307779046424514527e-04 6.475044089245485463e-04 6.648277200830589317e-04 6.827669485671859686e-04 7.013416365547484391e-04 7.205717589477109207e-04 7.404777236943611840e-04 7.610803713520808379e-04 7.824009737979183230e-04 8.044612319876759442e-04 8.272832726581058919e-04 8.508896438612231989e-04 8.753033092147243736e-04 9.005476407483038303e-04 9.266464102222445650e-04 9.536237787922934722e-04 9.815042848935076700e-04 1.010312830215655093e-03 1.040074663643938838e-03 1.070815363041323050e-03 1.102560814752748166e-03 1.135337190716962773e-03 1.169170923078670550e-03 1.204088676202241413e-03 1.240117315998245581e-03 1.277283876485683011e-03 1.315615523525802150e-03 1.355139515677861953e-03 1.395883162143021121e-03 1.437873777779533806e-03 1.481138635190624607e-03 1.525704913905531887e-03 1.571599646694210898e-03 1.618849663076827282e-03 1.667481530110330370e-03 1.717521490555856635e-03 1.768995398552306812e-03 1.821928652942918702e-03 1.876346128422901527e-03 1.932272104696933484e-03 1.989730193855345289e-03 2.048743266197012355e-03 2.109333374745072775e-03 2.171521678718419182e-03 2.235328366237357249e-03 2.300772576555647816e-03
6.789529035084682649e-04 6.958612926125421448e-04 7.133549321202737898e-04 7.314521006172959106e-04 7.501714825081988664e-04 7.695321698225685144e-04 7.895536635617109167e-04 8.102558745170064048e-04 8.316591234836527742e-04 8.537841407864458793e-04 8.766520650271832993e-04 9.002844409565166368e-04 9.247032163665907948e-04 9.499307378948668255e-04 9.759897456240870187e-04 1.002903366358690431e-03 1.030695105454103224e-03 1.059388837072459391e-03 1.089008792736439893e-03 1.119579548052283564e-03 1.151126007473600010e-03 1.183673386979601028e-03 1.217247194544734132e-03 1.251873208281565524e-03 1.287577452145201307e-03 1.324386169095415717e-03 1.362325791622217598e-03 1.401422909551605948e-03 1.441704235060820233e-03 1.483196564846416812e-03 1.525926739403865107e-03 1.569921599394083359e-03 1.615207939090136180e-03 1.661812456916274272e-03 1.709761703111272509e-03 1.759082024568579296e-03 1.809799506926939184e-03 1.861939914006599528e-03 1.915528624707994428e-03 1.970590567511417129e-03 2.027150152737731449e-03 2.085231202751245370e-03 2.144856880306293245e-03 2.206049615258783014e-03 2.268831029882553262e-03 2.333221863047859647e-03 2.399241893535383578e-03 2.466909862773714653e-03 2.536243397301093157e-03 2.607258931263349740e-03 2.679971629268986053e-03
8.286114441074314248e-04 8.488624044205640186e-04 8.697807991695044550e-04 8.913860332479839896e-04 9.136978973621560354e-04 9.367365682169039465e-04 9.605226080869212063e-04 9.850769636843316468e-04 1.010420964227499432e-03 1.036576318608954531e-03 1.063565111553934099e-03 1.091409798655339127e-03 1.120133200165698839e-03 1.149758493422495427e-03 1.180309203779766327e-03 1.211809193916560433e-03 1.244282651391635927e-03 1.277754074313815170e-03 1.312248254998819169e-03 1.347790261486199416e-03 1.384405416794290715e-03 1.422119275796920792e-03 1.460957599612992212e-03 1.500946327409029106e-03 1.542111545525285624e-03 1.584479453848077141e-03 1.628076329364566439e-03 1.672928486851192565e-03 1.719062236663282438e-03 1.766503839610887106e-03 1.815279458924610708e-03 1.865415109334764808e-03 1.916936603307650960e-03 1.969869494503873573e-03 2.024239018545066684e-03 2.080070031197304992e-03 2.137386944101284797e-03 2.196213658201142272e-03 2.256573495045184098e-03 2.318489126152667272e-03 2.381982500660884648e-03 2.447074771486000989e-03 2.513786220249125420e-03 2.582136181235831530e-03 2.652142964672607548e-03 2.723823779617308861e-03 2.797194656772548048e-03 2.872270371540895390e-03 2.949064367648675331e-03 3.027588681671068011e-03 3.107853868794872680e-03
1.009136464977210918e-03 1.033203484152376075e-03 1.058023370391311321e-03 1.083616451551823630e-03 1.110003415523513415e-03 1.137205308590815084e-03 1.165243532973748953e-03 1.194139843438922315e-03 1.223916342867085441e-03 1.254595476658098901e-03 1.286200025849328901e-03 1.318753098819672913e-03 1.352278121448558619e-03 1.386798825597500371e-03 1.422339235781340094e-03 1.458923653897112880e-03 1.496576641880710372e-03 1.535323002165254851e-03 1.575187755820319337e-03 1.616196118257983783e-03 1.658373472400095699e-03 1.701745339211131356e-03 1.746337345512585055e-03 1.792175189007932370e-03 1.839284600461772159e-03 1.887691302992683829e-03 1.937420968456579282e-03 1.988499170915722890e-03 2.040951337208058401e-03 2.094802694651721336e-03 2.150078215940738960e-03 2.206802561309388622e-03 2.265000018064663567e-03 2.324694437608278586e-03 2.385909170091734827e-03 2.448666996869599405e-03 2.512990060937479557e-03 2.578899795561775260e-03 2.646416851327956440e-03 2.715561021852788692e-03 2.786351168423329382e-03 2.858805143841445118e-03 2.932939715767002818e-03 3.008770489865476329e-03 3.086311833076527469e-03 3.165576797328846850e-03 3.246577044033321750e-03 3.329322769691088653e-03 3.413822632955515642e-03 3.500083683487176332e-03 3.588111292938945401e-03
1.225803970625030138e-03 1.254175656902488303e-03 1.283387279599760211e-03 1.313459859147796636e-03 1.344414745285647155e-03 1.376273613268205222e-03 1.409058458991174203e-03 1.442791592908911763e-03 1.477495632616524380e-03 1.513193493964169831e-03 1.549908380569357510e-03 1.587663771591958086e-03 1.626483407636934372e-03 1.666391274651469892e-03 1.707411585686325218e-03 1.749568760395940397e-03 1.792887402158032523e-03 1.837392272701308124e-03 1.883108264139387970e-03 1.930060368320062753e-03 1.978273643411644720e-03 2.027773177662283398e-03 2.078584050283691781e-03 2.130731289427614545e-03 2.184239827241478589e-03 2.239134452008906696e-03 2.295439757400953833e-03 2.353180088884816029e-03 2.412379487358402852e-03 2.473061630101100559e-03 2.535249769153256113e-03 2.598966667259182666e-03 2.664234531530515048e-03 2.731074945008385782e-03 2.799508796323973373e-03 2.869556207677218407e-03 2.941236461372736307e-03 3.014567925170027508e-03 3.089567976721731366e-03 3.166252927388852386e-03 3.244637945735271648e-03 3.324736981015521432e-03 3.406562686979388004e-03 3.490126346324576301e-03 3.575437796134107744e-03 3.662505354638380221e-03 3.751335749642922997e-03 3.841934048961585194e-03 3.934303593191542867e-03 4.028445931160727807e-03 4.124360758370510145e-03
1.484475856221989000e-03 1.517643336646654290e-03 1.551737638463038813e-03 1.586780228056725939e-03 1.622792866052661298e-03 1.659797600886786040e-03 1.697816760986112661e-03 1.736872945421164514e-03 1.776989012893056717e-03 1.818188068917319647e-03 1.860493451067589052e-03 1.903928712144925105e-03 1.948517601142590872e-03 1.994284041881813803e-03 2.041252109201317604e-03 2.089446002592365570e-03 2.138890017181541842e-03 2.189608511975630733e-03 2.241625875296636081e-03 2.294966487350090251e-03 2.349654679886360384e-03 2.405714692932477659e-03 2.463170628590965073e-03 2.522046401922154422e-03 2.582365688947351953e-03 2.644151871831675830e-03 2.707427981327541894e-03 2.772216636582008117e-03 2.838539982433706602e-03 2.906419624347432625e-03 2.975876561156463439e-03 3.046931115804257361e-03 3.119602864297875422e-03 3.193910563105426328e-03 3.269872075248460731e-03 3.347504295357731606e-03 3.426823073976582087e-03 3.507843141410544804e-03 3.590578031434222064e-03 3.675040005176986521e-03 3.761239975517706533e-03 3.849187432324976173e-03 3.938890368883630685e-03 4.030355209850278869e-03 4.123586741080322374e-03 4.218588041666341062e-03 4.315360418522988691e-03 4.413903343846437705e-03 4.514214395767310317e-03 4.616289202504688348e-03 4.720121390315571396e-03
1.791605897567463213e-03 1.830047824196497737e-03 1.869501321488722771e-03 1.909988050398269376e-03 1.951529926919451374e-03 1.994149112395825034e-03 2.037868002093933071e-03 2.082709211901429425e-03 2.128695563011234748e-03 2.175850064456971451e-03 2.224195893369906255e-03 2.273756372834399679e-03 2.324554947227188556e-03 2.376615154935733405e-03 2.429960598362549719e-03 2.484614911135540286e-03 2.540601722459051321e-03 2.597944618556518974e-03 2.656667101173032335e-03 2.716792543124845437e-03 2.778344140902632309e-03 2.841344864356013401e-03 2.905817403508340231e-03 2.971784112572821608e-03 3.039266951263476946e-03 3.108287423517100672e-03 3.178866513765000838e-03 3.251024620915744529e-03 3.324781490232019653e-03 3.400156143306108832e-03 3.477166806358907881e-03 3.555830837106791712e-03 3.636164650458857672e-03 3.718183643323706277e-03 3.801902118820147964e-03 3.887333210199519443e-03 3.974488804798869887e-03 4.063379468353684604e-03 4.154014370006317396e-03 4.246401208351403313e-03 4.340546138862602654e-03 4.436453703045664144e-03 4.534126759661266486e-03 4.633566418357200865e-03 4.734771976043378530e-03 4.837740856334795704e-03 4.942468552377119080e-03 5.048948573357149236e-03 5.157172394985777390e-03 5.267129414224896305e-03 5.378806908511685886e-03
2.154242052451612287e-03 2.198407530960681117e-03 2.243665206054225487e-03 2.290036688183704535e-03 2.337543799261205049e-03 2.386208558963187707e-03 2.436053168940745164e-03 2.487099994801545821e-03 2.539371545734557273e-03 2.592890451656562015e-03 2.647679437768684155e-03 2.703761296422233819e-03 2.761158856205819887e-03 2.819894948179811015e-03 2.879992369199975335e-03 2.941473842289133410e-03 3.004361974034064440e-03 3.068679209004426551e-03 3.134447781210933891e-03 3.201689662641466622e-03 3.270426508935786198e-03 3.340679602282066278e-03 3.412469791641273807e-03 3.485817430428269845e-03 3.560742311801289636e-03 3.637263601733845431e-03 3.715399770064915352e-03 3.795168519744371478e-03 3.876586714510667653e-03 3.959670305256733289e-03 4.044434255357614791e-03 4.130892465249290206e-03 4.219057696562630508e-03 4.308941496128729405e-03 4.400554120182502069e-03 4.493904459099853574e-03 4.588999963009930336e-03 4.685846568628141556e-03 4.784448627657277887e-03 4.884808837103619093e-03 4.986928171852057605e-03 5.090805819839120533e-03 5.196439120155435694e-03 5.303823504399633217e-03 5.412952441593978786e-03 5.523817386958345885e-03 5.636407734823599934e-03 5.750710775948041087e-03 5.866711659481523358e-03 5.984393359801502138e-03 6.103736648423263231e-03
2.580028711902492521e-03 2.630318580861626138e-03 2.681775227989142280e-03 2.734419984287617209e-03 2.788274343550547693e-03 2.843359943855163028e-03 2.899698546615441744e-03 2.957312013076626722e-03 3.016222278142917379e-03 3.076451321442092574e-03 3.138021135544363013e-03 3.200953691268011020e-03 3.265270900020845850e-03 3.330994573144644040e-03 3.398146378248759897e-03 3.466747792539475945e-03 3.536820053172833739e-03 3.608384104680631855e-03 3.681460543541870915e-03 3.756069559994759232e-03 3.832230877207564237e-03 3.909963687949614616e-03 3.989286588926551497e-03 4.070217512966290210e-03 4.152773659263826918e-03 4.236971421913777319e-03 4.322826316979228554e-03 4.410352908363915532e-03 4.499564732771655154e-03 4.590474224052258287e-03 4.683092637246733490e-03 4.777429972656096861e-03 4.873494900267735276e-03 4.971294684880668037e-03 5.070835112276200589e-03 5.172120416783463313e-03 5.275153210589908666e-03 5.379934415145059233e-03 5.486463195001938659e-03 5.594736894434081814e-03 5.704750977157668768e-03 5.816498969477477271e-03 5.929972407162590470e-03 6.045160786343009747e-03 6.162051518701671879e-03 6.280629891218038850e-03 6.400879030699444666e-03 6.522779873315067214e-03 6.646311139324794989e-03 6.771449313171546552e-03 6.898168629081026515e-03
3.077213589425350192e-03 3.133960561635298903e-03 3.191941100900370747e-03 3.251176053821804805e-03 3.311686374952455252e-03 3.373493102681659594e-03 3.436617332374506274e-03 3.501080186673988064e-03 3.566902782888986111e-03 3.634106197407195420e-03 3.702711427089516987e-03 3.772739347621209809e-03 3.844210668815100772e-03 3.917145886883006620e-03 3.991565233713426954e-03 4.067488623215994616e-03 4.144935594816164838e-03 4.223925254206827365e-03 4.304476211486901564e-03 4.386606516840130948e-03 4.470333593930038776e-03 4.555674171209437261e-03 4.642644211364098557e-03 4.731258839130888377e-03 4.821532267749811806e-03 4.913477724327338855e-03 5.007107374404723595e-03 5.102432246039661362e-03 5.199462153722298960e-03 5.298205622457452177e-03 5.398669812353459711e-03 5.500860444064529717e-03 5.604781725437675728e-03 5.710436279717126355e-03 5.817825075658676799e-03 5.926947359903580147e-03 6.037800591956439880e-03 6.150380382104217621e-03 6.264680432603664598e-03 6.380692482452826261e-03 6.498406256048335286e-03 6.617809416014469939e-03 6.738887520472258870e-03 6.861623984997797590e-03 6.986000049497963910e-03 7.111994750209800487e-03 7.239584897006293325e-03 7.368745056167147651e-03 7.499447538747898954e-03 7.631662394655024800e-03 7.765357412508402078e-03
3.654664707694669536e-03 3.718112932186828142e-03 3.782852247121692643e-03 3.848902839271683366e-03 3.916284941062890719e-03 3.985018800143076689e-03 4.055124645966906929e-03 4.126622653344002092e-03 4.199532902913725302e-03 4.273875338530072794e-03 4.349669721560662367e-03 4.426935582125362569e-03 4.505692167322451411e-03 4.585958386513119475e-03 4.667752753758430510e-03 4.751093327526436164e-03 4.835997647810525574e-03 4.922482670823462476e-03 5.010564701454250924e-03 5.100259323697202071e-03 5.191581329283740699e-03 5.284544644767665000e-03 5.379162257333472072e-03 5.475446139614720091e-03 5.573407173825171111e-03 5.673055075519426414e-03 5.774398317311716863e-03 5.877444052891543473e-03 5.982198041682580333e-03 6.088664574496809208e-03 6.196846400539088653e-03 6.306744656118272105e-03 6.418358795419414238e-03 6.531686523687928181e-03 6.646723733170254757e-03 6.763464442147246181e-03 6.881900737385788537e-03 7.002022720321387714e-03 7.123818457269735609e-03 7.247273933948364215e-03 7.372373014571305741e-03 7.499097405759350306e-03 7.627426625487049826e-03 7.757337977264747858e-03 7.888806529730049699e-03 8.021805101798076820e-03 8.156304253494350148e-03 8.292272282568001820e-03 8.429675226956218764e-03 8.568476873144336564e-03 8.708638770439045343e-03
4.321903291765395033e-03 4.392187907196308180e-03 4.463810768186995265e-03 4.536791258839933082e-03 4.611148737857680147e-03 4.686902501249952738e-03 4.764071741913256455e-03 4.842675506074057071e-03 4.922732646607777714e-03 5.004261773267846755e-03 5.087281199881960730e-03 5.171808888595837497e-03 5.257862391268535232e-03 5.345458788147036330e-03 5.434614623971411804e-03 5.525345841685271910e-03 5.617667713948849492e-03 5.711594772674150750e-03 5.807140736822600027e-03 5.904318438725449612e-03 6.003139749205800048e-03 6.103615501797845198e-03 6.205755416374419617e-03 6.309568022507054154e-03 6.415060582894259976e-03 6.522239017202890142e-03 6.631107826674554132e-03 6.741670019853659469e-03 6.853927039796178615e-03 6.967878693118161222e-03 7.083523081240715100e-03 7.200856534183411317e-03 7.319873547251050210e-03 7.440566720949334106e-03 7.562926704453551245e-03 7.686942142940607695e-03 7.812599629079250430e-03 7.939883658955666085e-03 8.068776592692533667e-03 8.199258619998718231e-03 8.331307730864594141e-03 8.464899691594512249e-03 8.600008026343428438e-03 8.736604004299293805e-03 8.874656632626711297e-03 9.014132655260815447e-03 9.154996557613424499e-03 9.297210577226480352e-03 9.440734720380910411e-03 9.585526784642186757e-03 9.731542387297752172e-03
5.089158158548355744e-03 5.166285393398144417e-03 5.244787009264691331e-03 5.324681477994162859e-03 5.405987165128730253e-03 5.488722285436683536e-03 5.572904855280131492e-03 5.658552641862418103e-03 5.745683109420528754e-03 5.834313362451460164e-03 5.924460086085283315e-03 6.016139483741591264e-03 6.109367212229703525e-03 6.204158314476355962e-03 6.300527150087290029e-03 6.398487323971083045e-03 6.498051613274336176e-03 6.599231892897018149e-03 6.702039059874818558e-03 6.806482956932080434e-03 6.912572295523475990e-03 7.020314578695573821e-03 7.129716024110195963e-03 7.240781487580090839e-03 7.353514387473788529e-03 7.467916630350695043e-03 7.583988538188962854e-03 7.701728777568140651e-03 7.821134291165404706e-03 7.942200231918763662e-03 8.064919900202664402e-03 8.189284684351575208e-03 8.315284004854634967e-03 8.442905262530123189e-03 8.572133790972292014e-03 8.702952813544675981e-03 8.835343405174377399e-03 8.969284459180069946e-03 9.104752659343975929e-03 9.241722457413876698e-03 9.380166056196197547e-03 9.520053398375459899e-03 9.661352161168885316e-03 9.804027756897896670e-03 9.948043339531292134e-03 1.009335981722737571e-02 1.023993587087534095e-02 1.038772797860932490e-02 1.053669044624212965e-02 1.068677544353979596e-02 1.083793304623335493e-02
5.967446243778573231e-03 6.051274591002312776e-03 6.136502299265917879e-03 6.223146850312690631e-03 6.311225528121382732e-03 6.400755367212915617e-03 6.491753097878028012e-03 6.584235088421972783e-03 6.678217284546401379e-03 6.773715146012656424e-03 6.870743580754456147e-03 6.969316876631315855e-03 7.069448631036729692e-03 7.171151678596951809e-03 7.274438017216919988e-03 7.379318732749182673e-03 7.485803922579840723e-03 7.593902618441401853e-03 7.703622708777307926e-03 7.814970860994994994e-03 7.927952443954939046e-03 8.042571451051243325e-03 8.158830424245124002e-03 8.276730379416332925e-03 8.396270733398563182e-03 8.517449233063627279e-03 8.640261886815612039e-03 8.764702898849946813e-03 8.890764606524112837e-03 9.018437421175917734e-03 9.147709772712352833e-03 9.278568058277189556e-03 9.410996595288538547e-03 9.544977579118700539e-03 9.680491045668407693e-03 9.817514839065495311e-03 9.956024584694725746e-03 1.009599366774113598e-02 1.023739321740373305e-02 1.038019209691021759e-02 1.052435689943646835e-02 1.066985195000744353e-02 1.081663931342850826e-02 1.096467880826885490e-02 1.111392802689126214e-02 1.126434236149546561e-02 1.141587503611585404e-02 1.156847714448844440e-02 1.172209769367694131e-02 1.187668365332363897e-02 1.203218001036797553e-02
6.968682036904550077e-03 7.058905013426807276e-03 7.150541598869303815e-03 7.243608235337311609e-03 7.338121064977126511e-03 7.434095871297495030e-03 7.531548017613204186e-03 7.630492382760914981e-03 7.730943294261012795e-03 7.832914459122812534e-03 7.936418892513017256e-03 8.041468844529159679e-03 8.148075725340327147e-03 8.256250028976864011e-03 8.366001256068419586e-03 8.477337835845840178e-03 8.590267047736689990e-03 8.704794942896233387e-03 8.820926266026034301e-03 8.938664377840029041e-03 9.058011178543544026e-03 9.178967032693937517e-03 9.301530695812271210e-03 9.425699243113795645e-03 9.551468000720934187e-03 9.678830479715931287e-03 9.807778313381622370e-03 9.938301197967456743e-03 1.007038683730491352e-02 1.020402089158074441e-02 1.033918693055932078e-02 1.047586639152626314e-02 1.061403854220445593e-02 1.075368044887141383e-02 1.089476694988326770e-02 1.103727063478568415e-02 1.118116182916644406e-02 1.132640858537763313e-02 1.147297667922845578e-02 1.162082961272198518e-02 1.176992862288152655e-02 1.192023269668458091e-02 1.207169859209472097e-02 1.222428086515458222e-02 1.237793190307651808e-02 1.253260196324135212e-02 1.268823921799069887e-02 1.284478980507395597e-02 1.300219788358815062e-02 1.316040569522687609e-02 1.331935363063406139e-02
8.105815644983124790e-03 8.201946671283943252e-03 8.299495823365114419e-03 8.398478477414084847e-03 8.498909597161976789e-03 8.600803668730071933e-03 8.704174632908675407e-03 8.809035815069464828e-03 8.915399852935230324e-03 9.023278622452666695e-03 9.132683162034601829e-03 9.243623595457252373e-03 9.356109053715927146e-03 9.470147596158646694e-03 9.585746131231261125e-03 9.702910337179895470e-03 9.821644583066517845e-03 9.941951850461172926e-03 1.006383365617988766e-02 1.018728997644035954e-02 1.031231917280806855e-02 1.043891792030363086e-02 1.056708113803810772e-02 1.069680192273600797e-02 1.082807148549705042e-02 1.096087909213612314e-02 1.109521200742748584e-02 1.123105544356364956e-02 1.136839251312175489e-02 1.150720418681078910e-02 1.164746925625200977e-02 1.178916430202228000e-02 1.193226366716596334e-02 1.207673943635625448e-02 1.222256142086033948e-02 1.236969714943633551e-02 1.251811186526230989e-02 1.266776852896999740e-02 1.281862782782785745e-02 1.297064819109005826e-02 1.312378581150029817e-02 1.327799467291187162e-02 1.343322658395850605e-02 1.358943121768431926e-02 1.374655615701594370e-02 1.390454694593535635e-02 1.406334714618892937e-02 1.422289839934606434e-02 1.438314049400013853e-02 1.454401143788535550e-02 1.470544753466522699e-02
9.392994620481166443e-03 9.494354663748779885e-03 9.597129186805046508e-03 9.701332490511558465e-03 9.806978341531534873e-03 9.914079901447332699e-03 1.002264965371310254e-02 1.013269932869004762e-02 1.024423982703263382e-02 1.035728114171332974e-02 1.047183227899150734e-02 1.058790117864831862e-02 1.070549463382351740e-02 1.082461821080268893e-02 1.094527616911336251e-02 1.106747138229640520e-02 1.119120525972468541e-02 1.131647766984408485e-02 1.144328686521271093e-02 1.157162940971239069e-02 1.170150010830229084e-02 1.183289193967799330e-02 1.196579599219016465e-02 1.210020140336590458e-02 1.223609530336195773e-02 1.237346276266372384e-02 1.251228674432605138e-02 1.265254806103246511e-02 1.279422533722818223e-02 1.293729497655971873e-02 1.308173113482958942e-02 1.322750569864955192e-02 1.337458826994947572e-02 1.352294615647201513e-02 1.367254436835548675e-02 1.382334562087954820e-02 1.397531034341985626e-02 1.412839669462976136e-02 1.428256058383908789e-02 1.443775569863214002e-02 1.459393353854025917e-02 1.475104345475736559e-02 1.490903269576164362e-02 1.506784645870168186e-02 1.522742794638193807e-02 1.538771842966006262e-02 1.554865731504782335e-02 1.571018221728764930e-02 1.587222903665906279e-02 1.603473204075271663e-02 1.619762395043507219e-02
1.084573806395630786e-02 1.095144693159279779e-02 1.105856055832219950e-02 1.116709216979311012e-02 1.127705432812129392e-02 1.138845885620348546e-02 1.150131676034054501e-02 1.161563815145750037e-02 1.173143216522611922e-02 1.184870688141224926e-02 1.196746924278468613e-02 1.208772497393513327e-02 1.220947850036922973e-02 1.233273286823677144e-02 1.245748966507554713e-02 1.258374894194625414e-02 1.271150913733740638e-02 1.284076700321762528e-02 1.297151753360872156e-02 1.310375389604700319e-02 1.323746736629099162e-02 1.337264726662334806e-02 1.350928090808083126e-02 1.364735353693125909e-02 1.378684828569846921e-02 1.392774612901733107e-02 1.407002584457938722e-02 1.421366397940742980e-02 1.435863482167281345e-02 1.450491037824447327e-02 1.465246035813193640e-02 1.480125216195771198e-02 1.495125087756661759e-02 1.510241928185138832e-02 1.525471784884543762e-02 1.540810476410526923e-02 1.556253594537656409e-02 1.571796506951007866e-02 1.587434360556587779e-02 1.603162085401764123e-02 1.618974399194278088e-02 1.634865812405902896e-02 1.650830633944425085e-02 1.666862977375352037e-02 1.682956767672613013e-02 1.699105748475540287e-02 1.715303489827544117e-02 1.731543396370259849e-02 1.747818715965385183e-02 1.764122548715097577e-02 1.780447856350768701e-02
1.248110218174206323e-02 1.259007479220859357e-02 1.270043888159091625e-02 1.281220660214955030e-02 1.292538930785856396e-02 1.303999747495208743e-02 1.315604062130174175e-02 1.327352722494546874e-02 1.339246464210326094e-02 1.351285902502871381e-02 1.363471524005628946e-02 1.375803678621321385e-02 1.388282571477138759e-02 1.400908255011902755e-02 1.413680621233332456e-02 1.426599394183479183e-02 1.439664122650072611e-02 1.452874173160940453e-02 1.466228723297870705e-02 1.479726755365220678e-02 1.493367050447300115e-02 1.507148182887065035e-02 1.521068515216949385e-02 1.535126193570759447e-02 1.549319143603477937e-02 1.563645066943592302e-02 1.578101438200157913e-02 1.592685502544304021e-02 1.607394273882260111e-02 1.622224533634276933e-02 1.637172830131006923e-02 1.652235478636113891e-02 1.667408562000994438e-02 1.682687931954612859e-02 1.698069211028619893e-02 1.713547795115058503e-02 1.729118856651183991e-02 1.744777348423191474e-02 1.760518007978006602e-02 1.776335362629715212e-02 1.792223735044796637e-02 1.808177249387953739e-02 1.824189838008187861e-02 1.840255248642663419e-02 1.856367052114047539e-02 1.872518650495237288e-02 1.888703285713823343e-02 1.904914048567217869e-02 1.921143888118149665e-02 1.937385621439145778e-02 1.953631943673743432e-02
1.431780362888827006e-02 1.442875329191991955e-02 1.454108038452892743e-02 1.465479598162864813e-02 1.476991022226852718e-02 1.488643222748759452e-02 1.500437001754307761e-02 1.512373042886054793e-02 1.524451903106334091e-02 1.536674004444940622e-02 1.549039625829085401e-02 1.561548895033684943e-02 1.574201780790318583e-02 1.586998085093201810e-02 1.599937435740309347e-02 1.613019279147300325e-02 1.626242873471181807e-02 1.639607282079677195e-02 1.653111367401085413e-02 1.666753785187976428e-02 1.680532979226451173e-02 1.694447176520849294e-02 1.708494382981766424e-02 1.722672379643059790e-02 1.736978719431149509e-02 1.751410724507473232e-02 1.765965484202313904e-02 1.780639853555549337e-02 1.795430452477080052e-02 1.810333665536852793e-02 1.825345642391536585e-02 1.840462298851996276e-02 1.855679318592826435e-02 1.870992155502330251e-02 1.886396036668503903e-02 1.901885965993790548e-02 1.917456728428673304e-02 1.933102894811561390e-02 1.948818827299899845e-02 1.964598685375040441e-02 1.980436432401135385e-02 1.996325842716197008e-02 2.012260509231464725e-02 2.028233851513413025e-02 2.044239124321060516e-02 2.060269426569745141e-02 2.076317710691217774e-02 2.092376792358751139e-02 2.108439360544995395e-02 2.124497987879510677e-02 2.140545141272302138e-02
1.637624979266516859e-02 1.648770156262913469e-02 1.660051878085177721e-02 1.671471142911155894e-02 1.683028841582344740e-02 1.694725749223950986e-02 1.706562516856880568e-02 1.718539663038140888e-02 1.730657565567015818e-02 1.742916453295044812e-02 1.755316398078216045e-02 1.767857306909940279e-02 1.780538914273301077e-02 1.793360774750708472e-02 1.806322255928504567e-02 1.819422531633230200e-02 1.832660575535179429e-02 1.846035155153557053e-02 1.859544826296044215e-02 1.873187927963806954e-02 1.886962577751068182e-02 1.900866667766249948e-02 1.914897861099382551e-02 1.929053588858091819e-02 1.943331047791870686e-02 1.957727198521717546e-02 1.972238764389427912e-02 1.986862230938028426e-02 2.001593846031940807e-02 2.016429620622568405e-02 2.031365330162083691e-02 2.046396516665259513e-02 2.061518491416351392e-02 2.076726338315158446e-02 2.092014917853651096e-02 2.107378871711842669e-02 2.122812627959022591e-02 2.138310406843924039e-02 2.153866227155114971e-02 2.169473913130593942e-02 2.185127101893561893e-02 2.200819251389356246e-02 2.216543648796802379e-02 2.232293419385603800e-02 2.248061535790011126e-02 2.263840827667696134e-02 2.279623991711732245e-02 2.295403601982652642e-02 2.311172120526863716e-02 2.326921908247101337e-02 2.342645235990322566e-02
1.867840328151973775e-02 1.878872183268738560e-02 1.890039847851669036e-02 1.901344207699326785e-02 1.912786027839486619e-02 1.924365944078151869e-02 1.936084454592812767e-02 1.947941911607738510e-02 1.959938513189612985e-02 1.972074295202208560e-02 1.984349123458833963e-02 1.996762686111110130e-02 2.009314486312247308e-02 2.022003835192255974e-02 2.034829845181670288e-02 2.047791423719149545e-02 2.060887267376974863e-02 2.074115856436825264e-02 2.087475449946412862e-02 2.100964081285559837e-02 2.114579554268081890e-02 2.128319439803559934e-02 2.142181073140509914e-02 2.156161551709932442e-02 2.170257733585448726e-02 2.184466236573455455e-02 2.198783437943856167e-02 2.213205474809018525e-02 2.227728245155674927e-02 2.242347409531540020e-02 2.257058393385495340e-02 2.271856390057307162e-02 2.286736364409999375e-02 2.301693057095238401e-02 2.316720989439407727e-02 2.331814468935456200e-02 2.346967595323156894e-02 2.362174267238046146e-02 2.377428189407143275e-02 2.392722880367470495e-02 2.408051680681506240e-02 2.423407761621992895e-02 2.438784134296921591e-02 2.454173659184163275e-02 2.469569056043998539e-02 2.484962914176750901e-02 2.500347702991901483e-02 2.515715782854385102e-02 2.531059416173270238e-02 2.546370778697705159e-02 2.561641970984869510e-02
2.124738221300531346e-02 2.135482035428332148e-02 2.146361570832708635e-02 2.157377596560910993e-02 2.168530748081201609e-02 2.179821518840040565e-02 2.191250251912119432e-02 2.202817131781817719e-02 2.214522176294916184e-02 2.226365228819449441e-02 2.238345950654351338e-02 2.250463813724086493e-02 2.262718093596730387e-02 2.275107862862003200e-02 2.287631984904556909e-02 2.300289108106368455e-02 2.313077660510473588e-02 2.325995844976374780e-02 2.339041634855442212e-02 2.352212770212384549e-02 2.365506754616493110e-02 2.378920852523819934e-02 2.392452087268816599e-02 2.406097239681226352e-02 2.419852847341147362e-02 2.433715204482328476e-02 2.447680362550816099e-02 2.461744131423095755e-02 2.475902081284937425e-02 2.490149545169190876e-02 2.504481622147895423e-02 2.518893181171198009e-02 2.533378865542819380e-02 2.547933098019097495e-02 2.562550086516086553e-02 2.577223830406667401e-02 2.591948127387368184e-02 2.606716580892316087e-02 2.621522608029761697e-02 2.636359448014693671e-02 2.651220171069362808e-02 2.666097687761979917e-02 2.680984758752500557e-02 2.695874004913188446e-02 2.710757917790668561e-02 2.725628870375356241e-02 2.740479128143471013e-02 2.755300860336414026e-02 2.770086151441965294e-02 2.784827012841649754e-02 2.799515394588669714e-02
2.410667248747335942e-02 2.420944810753341767e-02 2.431358710168384993e-02 2.441909594446749210e-02 2.452597965579139325e-02 2.463424171718549271e-02 2.474388398942646561e-02 2.485490663191670946e-02 2.496730802420833728e-02 2.508108469005986690e-02 2.519623122440874802e-02 2.531274022363541251e-02 2.543060221948477417e-02 2.554980561699922784e-02 2.567033663680237318e-02 2.579217926205643399e-02 2.591531519039750459e-02 2.603972379113197663e-02 2.616538206795541652e-02 2.629226462743086690e-02 2.642034365343831973e-02 2.654958888778048351e-02 2.667996761710206277e-02 2.681144466625149519e-02 2.694398239818496590e-02 2.707754072048273661e-02 2.721207709851823989e-02 2.734754657529067656e-02 2.748390179790188154e-02 2.762109305062956585e-02 2.775906829451973284e-02 2.789777321339361946e-02 2.803715126613705658e-02 2.817714374511455164e-02 2.831768984052505933e-02 2.845872671049326855e-02 2.860018955666799798e-02 2.874201170507861142e-02 2.888412469198157681e-02 2.902645835441181391e-02 2.916894092513811626e-02 2.931149913170785770e-02 2.945405829925468524e-02 2.959654245673219372e-02 2.973887444622880238e-02 2.988097603501215643e-02 3.002276802994695293e-02 3.016417039392694718e-02 3.030510236396087922e-02 3.044548257055247967e-02 3.058522915801655320e-02
2.727881340860447215e-02 2.737522364048535981e-02 2.747300910534340029e-02 2.757217502419946273e-02 2.767272505650042805e-02 2.777466121746378566e-02 2.787798379716684150e-02 2.798269128177183207e-02 2.808878027727632065e-02 2.819624543617360937e-02 2.830507938740125032e-02 2.841527266994621492e-02 2.852681367046335653e-02 2.863968856524971504e-02 2.875388126690089918e-02 2.886937337595713027e-02 2.898614413782612739e-02 2.910417040524775067e-02 2.922342660654166785e-02 2.934388471985327831e-02 2.946551425358737153e-02 2.958828223319060619e-02 2.971215319441567262e-02 2.983708918317071190e-02 2.996304976202769643e-02 3.008999202343393825e-02 3.021787060964035640e-02 3.034663773933080760e-02 3.047624324090684317e-02 3.060663459235368408e-02 3.073775696758460421e-02 3.086955328913368671e-02 3.100196428704057178e-02 3.113492856374533782e-02 3.126838266478828426e-02 3.140226115508629179e-02 3.153649670053679938e-02 3.167102015468121340e-02 3.180576065014137366e-02 3.194064569452739755e-02 3.207560127050054777e-02 3.221055193966274738e-02 3.234542094993380495e-02 3.248013034606868354e-02 3.261460108296056204e-02 3.274875314137009469e-02 3.288250564571843643e-02 3.301577698358006824e-02 3.314848492651133183e-02 3.328054675185324746e-02 3.341187936514962431e-02
