-3.865376458989630543e-07 -3.779930865333027263e-07 -3.691247997015637773e-07 -3.599185713762143031e-07 -3.503594770121667058e-07 -3.404318415894576855e-07 -3.301191971509877450e-07 -3.194042376646992374e-07 -3.082687710201576195e-07 -2.966936679637696047e-07 -2.846588077514332316e-07 -2.721430202898558361e-07 -2.591240245136700473e-07 -2.455783627293242660e-07 -2.314813306325193248e-07 -2.168069026863517557e-07 -2.015276525190188144e-07 -1.856146679743516288e-07 -1.690374604198918422e-07 -1.517638678816587564e-07 -1.337599515442270949e-07 -1.149898851123509058e-07 -9.541583649346907295e-08 -7.499784121023906989e-08 -5.369366690773740007e-08 -3.145866826587451408e-08 -8.245631564736850307e-09 1.599539190604145206e-08 4.131726447677370669e-08 6.777595372154498877e-08 9.543073811600295402e-08 1.243444278568790224e-07 1.545836020659966666e-07 1.862188637153373639e-07 2.193251137135704655e-07 2.539818457319771510e-07 2.902734634755428585e-07 3.282896222588670748e-07 3.681255969056524056e-07 4.098826781688623591e-07 4.536686000558075224e-07 4.995980006520165264e-07 5.477929192635989935e-07 5.983833329348183355e-07 6.515077356692854437e-07 7.073137639607518226e-07 7.659588725525678150e-07 8.276110646719893856e-07 8.924496813532324673e-07 9.606662548413759874e-07 1.032465431494376209e-06
-2.853243327939345771e-07 -2.727673591900281113e-07 -2.597389376875642021e-07 -2.462182900304779739e-07 -2.321835872184062217e-07 -2.176118894764054998e-07 -2.024790823942743311e-07 -1.867598089674442438e-07 -1.704273972450256731e-07 -1.534537832749845603e-07 -1.358094290052559087e-07 -1.174632347779628759e-07 -9.838244602160475687e-08 -7.853255371737590569e-08 -5.787718817971722680e-08 -3.637800565519037559e-08 -1.399456720350525884e-08 9.315790720075362406e-09 3.359809460668278013e-08 5.889988184267749371e-08 8.527135899676419021e-08 1.127655712464300194e-07 1.414385838039284427e-07 1.713496762785494036e-07 2.025615509912498023e-07 2.351405563402633573e-07 2.691569264129316610e-07 3.046850381389806999e-07 3.418036873927492037e-07 3.805963855675667836e-07 4.211516782837940824e-07 4.635634880268957875e-07 5.079314826680638839e-07 5.543614719916690488e-07 6.029658345279930453e-07 6.538639771916887246e-07 7.071828304385766721e-07 7.630573818831904881e-07 8.216312515666220195e-07 8.830573123416388917e-07 9.474983591233202783e-07 1.015127831073658493e-06 1.086130591126751888e-06 1.160703767623308217e-06 1.239057663222509598e-06 1.321416736674733636e-06 1.408020663499708147e-06 1.499125482108263172e-06 1.595004832426009854e-06 1.695951294654251502e-06 1.802277836415568923e-06
-1.278822133681164011e-07 -1.098312164799720950e-07 -9.110513756215424868e-08 -7.167404644236706470e-08 -5.150648097196648764e-08 -3.056935813534669544e-08 -8.827879392664454108e-09 1.375457016304582696e-08 3.721652927959361858e-08 6.159857513142878339e-08 8.694344554049316555e-08 1.132961693932924473e-07 1.407042058599597450e-07 1.692175930755691358e-07 1.988891069906387170e-07 2.297744311602018610e-07 2.619323383006473312e-07 2.954248845179223880e-07 3.303176171757010970e-07 3.666797974629149439e-07 4.045846388007583494e-07 4.441095623279815039e-07 4.853364708099809567e-07 5.283520424198507123e-07 5.732480459785603062e-07 6.201216793557383524e-07 6.690759328929813282e-07 7.202199798569399006e-07 7.736695961055893626e-07 8.295476113319867050e-07 8.879843944471139039e-07 9.491183758831312676e-07 1.013096609827078300e-06 1.080075379644126192e-06 1.150220850025624069e-06 1.223709769684773621e-06 1.300730228736750589e-06 1.381482475241819315e-06 1.466179795748627533e-06 1.555049465073309335e-06 1.648333770961021408e-06 1.746291119739595061e-06 1.849197229548326800e-06 1.957346418260498118e-06 2.071052993764272757e-06 2.190652754884981694e-06 2.316504611870535645e-06 2.448992336069366828e-06 2.588526449184639618e-06 2.735546263310139953e-06 2.890522083832259274e-06
1.038233241110153410e-07 1.293036344335186094e-07 1.557364022558239759e-07 1.831641641250480274e-07 2.116316606709102960e-07 2.411859664225658733e-07 2.718766281934797096e-07 3.037558126554761980e-07 3.368784637783275831e-07 3.713024708619238488e-07 4.070888479528812291e-07 4.443019254934605596e-07 4.830095551214081000e-07 5.232833286239982799e-07 5.651988121142697578e-07 6.088357965994065057e-07 6.542785662051672542e-07 7.016161854149180670e-07 7.509428068083787450e-07 8.023580008988095738e-07 8.559671098018302426e-07 9.118816266146854097e-07 9.702196025419587853e-07 1.031106083965368643e-06 1.094673581848721786e-06 1.161062576054938738e-06 1.230422057374949060e-06 1.302910110290152500e-06 1.378694539743949269e-06 1.457953545460249961e-06 1.540876447637136853e-06 1.627664468150808670e-06 1.718531571738288109e-06 1.813705371985201170e-06 1.913428107320574194e-06 2.017957692645015422e-06 2.127568852640518960e-06 2.242554343302220937e-06 2.363226268720710352e-06 2.489917500701086664e-06 2.622983209382436322e-06 2.762802513643115854e-06 2.909780260766053253e-06 3.064348945551974551e-06 3.226970779857061993e-06 3.398139924383868664e-06 3.578384895472338884e-06 3.768271160630079837e-06 3.968403937645800127e-06 4.179431213297678503e-06 4.402046998991042919e-06
4.325084296997357361e-07 4.679246279523663909e-07 5.046670211955857560e-07 5.427953173915020919e-07 5.823723561474264182e-07 6.234642958340749462e-07 6.661408132324729494e-07 7.104753166453601687e-07 7.565451734659074499e-07 8.044319532917896697e-07 8.542216877522957139e-07 9.060051483122796862e-07 9.598781434230668349e-07 1.015941836494458467e-06 1.074303086290714415e-06 1.135074811478561274e-06 1.198376381199923508e-06 1.264334033689663766e-06 1.333081325131820255e-06 1.404759611119135613e-06 1.479518563275404377e-06 1.557516723813364351e-06 1.638922101011892461e-06 1.723912808853330642e-06 1.812677754307475933e-06 1.905417376036068922e-06 2.002344438586526191e-06 2.103684886466915785e-06 2.209678762838002762e-06 2.320581197924610729e-06 2.436663472650067245e-06 2.558214163413928639e-06 2.685540374387336816e-06 2.818969064191196977e-06 2.958848474329083972e-06 3.105549667316448566e-06 3.259468183033265290e-06 3.421025822468050727e-06 3.590672568717121177e-06 3.768888655829092008e-06 3.956186796894080845e-06 4.153114583633635866e-06 4.360257070686563311e-06 4.578239558800496306e-06 4.807730592242571338e-06 5.049445186962639077e-06 5.304148307356734456e-06 5.572658610935072301e-06 5.855852481810897691e-06 6.154668375669925845e-06 6.470111500846587302e-06
8.866500218904719586e-07 9.352242709291999183e-07 9.856233342348012170e-07 1.037930068115631921e-06 1.092231726356344850e-06 1.148620226531294849e-06 1.207192434389041320e-06 1.268050467667086915e-06 1.331302020779388458e-06 1.397060711971314521e-06 1.465446454628112767e-06 1.536585854579149638e-06 1.610612635390057902e-06 1.687668093780256405e-06 1.767901587488258148e-06 1.851471058084713904e-06 1.938543591440912833e-06 2.029296018765562302e-06 2.123915561363042683e-06 2.222600522510648739e-06 2.325561030121368920e-06 2.433019834139121765e-06 2.545213162931403246e-06 2.662391643261736553e-06 2.784821288780464772e-06 2.912784562350243034e-06 3.046581517917951579e-06 3.186531028083031050e-06 3.332972103954935017e-06 3.486265314404961943e-06 3.646794312313286231e-06 3.814967475994911950e-06 3.991219674571961548e-06 4.176014166707819113e-06 4.369844642802616250e-06 4.573237421495364147e-06 4.786753812111376590e-06 5.010992655556016252e-06 5.246593057094475087e-06 5.494237325466590250e-06 5.754654133897285394e-06 6.028621919762674150e-06 6.316972541011206310e-06 6.620595208874991135e-06 6.940440718028224170e-06 7.277525997087159223e-06 7.632939004335237684e-06 8.007843995675503949e-06 8.403487194216512649e-06 8.821202893533695703e-06 9.262420029558440516e-06
1.501805395420333056e-06 1.567652268091108459e-06 1.635983218255146642e-06 1.706912009802366952e-06 1.780558513246887138e-06 1.857049080118143435e-06 1.936516943024619602e-06 2.019102643336578521e-06 2.104954488541673586e-06 2.194229041537081030e-06 2.287091644261959612e-06 2.383716978282831616e-06 2.484289665147970907e-06 2.589004909541102039e-06 2.698069188500223021e-06 2.811700990227509770e-06 2.930131606279550303e-06 3.053605981220185650e-06 3.182383624129735493e-06 3.316739586691126547e-06 3.456965512931352897e-06 3.603370766073927902e-06 3.756283638354349118e-06 3.916052650087572673e-06 4.083047944729086974e-06 4.257662787157453811e-06 4.440315172926929385e-06 4.631449556796999573e-06 4.831538709429235587e-06 5.041085711787723962e-06 5.260626097443524438e-06 5.490730153731216662e-06 5.732005393470658838e-06 5.985099209836119432e-06 6.250701727855254407e-06 6.529548867025481543e-06 6.822425630624225281e-06 7.130169638468352593e-06 7.453674921180262451e-06 7.793895995454789790e-06 8.151852241377717943e-06 8.528632604607676757e-06 8.925400648116794771e-06 9.343399980346048231e-06 9.783960088954465423e-06 1.024850261194431346e-05 1.073854808083353516e-05 1.125572317370313959e-05 1.180176851946590123e-05 1.237854709854857211e-05 1.298805328940387512e-05
2.322227623078825643e-06 2.410570613575197064e-06 2.502262225413841067e-06 2.597457124266415171e-06 2.696318366626574671e-06 2.799017919761373459e-06 2.905737217584631657e-06 3.016667755141916858e-06 3.132011724588837829e-06 3.251982695779288909e-06 3.376806344816406929e-06 3.506721234158987211e-06 3.641979648172383803e-06 3.782848488274048765e-06 3.929610232157102048e-06 4.082563961895226282e-06 4.242026466078371168e-06 4.408333421517204886e-06 4.581840660440074714e-06 4.762925529530744414e-06 4.951988347618350522e-06 5.149453969289425005e-06 5.355773462225946157e-06 5.571425906585309388e-06 5.796920325357207629e-06 6.032797755210935428e-06 6.279633468035269443e-06 6.538039354066394834e-06 6.808666478275342753e-06 7.092207822492943785e-06 7.389401226652731140e-06 7.701032543487965979e-06 8.027939022070979804e-06 8.371012936732383970e-06 8.731205479146713321e-06 9.109530932761938070e-06 9.507071150256883658e-06 9.924980356403831586e-06 1.036449030055154339e-05 1.082691578501929417e-05 1.131366059794605014e-05 1.182622388168371491e-05 1.236620697058299917e-05 1.293532073514296391e-05 1.353539347287125732e-05 1.416837938997107270e-05 1.483636772209449707e-05 1.554159254690976871e-05 1.628644334615321888e-05 1.707347638020687887e-05 1.790542694399836949e-05
3.402845024611886552e-06 3.520281584621526197e-06 3.642192081728864661e-06 3.768784861624931016e-06 3.900279683045419439e-06 4.036908431077820339e-06 4.178915879878928424e-06 4.326560508452287325e-06 4.480115373395731532e-06 4.639869042829757255e-06 4.806126596010641219e-06 4.979210693470159450e-06 5.159462722849144163e-06 5.347244025992287404e-06 5.542937213222498724e-06 5.746947571161267308e-06 5.959704570881188006e-06 6.181663483647054638e-06 6.413307112003436028e-06 6.655147644481174493e-06 6.907728642768668298e-06 7.171627170778662315e-06 7.447456075678731168e-06 7.735866431647161768e-06 8.037550157827305826e-06 8.353242822756074771e-06 8.683726648380658798e-06 9.029833727707995433e-06 9.392449471118125150e-06 9.772516297476482465e-06 1.017103758737310254e-05 1.058908191712413217e-05 1.102778759361826787e-05 1.148836751170265234e-05 1.197211435754677289e-05 1.248040618339228220e-05 1.301471238127830877e-05 1.357660008571219711e-05 1.416774103794415078e-05 1.478991894745479472e-05 1.544503738952232407e-05 1.613512828135254474e-05 1.686236098320349896e-05 1.762905207530807204e-05 1.843767586613610126e-05 1.929087569272253493e-05 2.019147607939072346e-05 2.114249582725448323e-05 2.214716211335675207e-05 2.320892568520673251e-05 2.433147724379775557e-05
4.811688529754327970e-06 4.966514477368392108e-06 5.127269188357862585e-06 5.294230910256245849e-06 5.467693262346545412e-06 5.647966201996899830e-06 5.835377057737525309e-06 6.030271633909305546e-06 6.233015392033131070e-06 6.443994714421527363e-06 6.663618255926776730e-06 6.892318390125415154e-06 7.130552756658248051e-06 7.378805916895370839e-06 7.637591125583530565e-06 7.907452226617853167e-06 8.188965681632228981e-06 8.482742740666629900e-06 8.789431764775945387e-06 9.109720711089212535e-06 9.444339791526267042e-06 9.794064317120734393e-06 1.015971774069884356e-05 1.054217491152843737e-05 1.094236555650102553e-05 1.136127800343125317e-05 1.179996316317533327e-05 1.225953878851748439e-05 1.274119402911238129e-05 1.324619430328351516e-05 1.377588650912702506e-05 1.433170459922297528e-05 1.491517554526802458e-05 1.552792572124844539e-05 1.617168773624526356e-05 1.684830775078281648e-05 1.755975331370352645e-05 1.830812175997176272e-05 1.909564921357640791e-05 1.992472024382847007e-05 2.079787822790879633e-05 2.171783647745005222e-05 2.268749019232000147e-05 2.370992931059873583e-05 2.478845232997763960e-05 2.592658118250793073e-05 2.712807725171483323e-05 2.839695862858665463e-05 2.973751871077536527e-05 3.115434625747266599e-05 3.265234702076399726e-05
6.632869470390657582e-06 6.835476017562075564e-06 7.045880522112761287e-06 7.264451581163242818e-06 7.491578295902563708e-06 7.727671563742662404e-06 7.973165458906027959e-06 8.228518707657792513e-06 8.494216264770816549e-06 8.770770998262010149e-06 9.058725489897212669e-06 9.358653959430191335e-06 9.671164321051514324e-06 9.996900381074765436e-06 1.033654418644355816e-05 1.069081853426603684e-05 1.106048965322850225e-05 1.144637006843508743e-05 1.184932166197194310e-05 1.227025894230381674e-05 1.271015253648813880e-05 1.317003292013535003e-05 1.365099440110118714e-05 1.415419937402485999e-05 1.468088286409030304e-05 1.523235737977396505e-05 1.581001809588564614e-05 1.641534838988918074e-05 1.704992575642128185e-05 1.771542812698376058e-05 1.841364062416323951e-05 1.914646278230244865e-05 1.991591626943873492e-05 2.072415314852191673e-05 2.157346471945675555e-05 2.246629098738239807e-05 2.340523080691585365e-05 2.439305275673629144e-05 2.543270680399408617e-05 2.652733682357574647e-05 2.768029404321463519e-05 2.889515149185094140e-05 3.017571953549703641e-05 3.152606259207063518e-05 3.295051712432969375e-05 3.445371101794135238e-05 3.604058445994654555e-05 3.771641244130094316e-05 3.948682901562132258e-05 4.135785345481358613e-05 4.333591845051039940e-05
8.970232686955451773e-06 9.233592134856470209e-06 9.507137488575634733e-06 9.791353281878465713e-06 1.008675113579653794e-05 1.039387146313480789e-05 1.071328528784151292e-05 1.104559618697226433e-05 1.139144236349848264e-05 1.175149885866410934e-05 1.212647991318720883e-05 1.251714148713038062e-05 1.292428394890274810e-05 1.334875494446803910e-05 1.379145245857168639e-05 1.425332808050348123e-05 1.473539048775229855e-05 1.523870916175967080e-05 1.576441835096515092e-05 1.631372129734768737e-05 1.688789474384551486e-05 1.748829374129411523e-05 1.811635677493282298e-05 1.877361123208239873e-05 1.946167923433205746e-05 2.018228385951529067e-05 2.093725578087669980e-05 2.172854035323344709e-05 2.255820517861287938e-05 2.342844818674959462e-05 2.434160626915338643e-05 2.530016450902896973e-05 2.630676605334667095e-05 2.736422267771226543e-05 2.847552609949915425e-05 2.964386009989562325e-05 3.087261352118569679e-05 3.216539421166547550e-05 3.352604399712030912e-05 3.495865476474487759e-05 3.646758575273302192e-05 3.805748214646047050e-05 3.973329509023202873e-05 4.150030323182175846e-05 4.336413592546247510e-05 4.533079822746385830e-05 4.740669782707645775e-05 4.959867406348709691e-05 5.191402918773315421e-05 5.436056203571571204e-05 5.694660428514839568e-05
1.195183631522091571e-05 1.229209567401845663e-05 1.264557555624897724e-05 1.301290820502134562e-05 1.339476130111111142e-05 1.379184017996206170e-05 1.420489019487165529e-05 1.463469923579146305e-05 1.508210041376514995e-05 1.554797492160467736e-05 1.603325508204600806e-05 1.653892759533040087e-05 1.706603699886183857e-05 1.761568935241879266e-05 1.818905616324784137e-05 1.878737856633262758e-05 1.941197177615905153e-05 2.006422982745923838e-05 2.074563062367355961e-05 2.145774131330391269e-05 2.220222401587952787e-05 2.298084192100663246e-05 2.379546578593932750e-05 2.464808085925844890e-05 2.554079426069188048e-05 2.647584284977040500e-05 2.745560161906342606e-05 2.848259265100571363e-05 2.955949468103059074e-05 3.068915331378218534e-05 3.187459194359888769e-05 3.311902343535170123e-05 3.442586262697637056e-05 3.579873972081459589e-05 3.724151463700318358e-05 3.875829240879400018e-05 4.035343970667287154e-05 4.203160258561066629e-05 4.379772555750206038e-05 4.565707209896084846e-05 4.761524671292034056e-05 4.967821867097636725e-05 5.185234757187162462e-05 5.414441086000147929e-05 5.656163345598439943e-05 5.911171965922158261e-05 6.180288748961490844e-05 6.464390564214230438e-05 6.764413323353605221e-05 7.081356252459292046e-05 7.416286480452927024e-05
1.573544066878805475e-05 1.617264603122227221e-05 1.662690925762767599e-05 1.709904943103731726e-05 1.758993154116586757e-05 1.810046932668593286e-05 1.863162829993911972e-05 1.918442896534582704e-05 1.975995024352592672e-05 2.035933311382481971e-05 2.098378448871608272e-05 2.163458133444685539e-05 2.231307505317267943e-05 2.302069614291451973e-05 2.375895915276358996e-05 2.452946795205493194e-05 2.533392133362181114e-05 2.617411897280865266e-05 2.705196776568524902e-05 2.796948857183292284e-05 2.892882338929454294e-05 2.993224299167550803e-05 3.098215506013582220e-05 3.208111284600353763e-05 3.323182440312648123e-05 3.443716243275527097e-05 3.570017478785928963e-05 3.702409568826211324e-05 3.841235770288826241e-05 3.986860456075352833e-05 4.139670485810737502e-05 4.300076673536882795e-05 4.468515360412820625e-05 4.645450101157659909e-05 4.831373473718416245e-05 5.026809022424259446e-05 5.232313345700502315e-05 5.448478340247651811e-05 5.675933614440004468e-05 5.915349084544693705e-05 6.167437768207825863e-05 6.432958790469255278e-05 6.712720618352055685e-05 7.007584540787590243e-05 7.318468411288685954e-05 7.646350671320155227e-05 7.992274672744617830e-05 8.357353317982931526e-05 8.742774036632960585e-05 9.149804117175069820e-05 9.579796412052923914e-05
2.051522455225518034e-05 2.107420289984430402e-05 2.165506858095156818e-05 2.225887528761265921e-05 2.288673558586549784e-05 2.353982450719882953e-05 2.421938336359229842e-05 2.492672379952977355e-05 2.566323209525377049e-05 2.643037373640370506e-05 2.722969826621459728e-05 2.806284443756872863e-05 2.893154568344367386e-05 2.983763592568077242e-05 3.078305574355759010e-05 3.176985892541676698e-05 3.280021942848790323e-05 3.387643877429831994e-05 3.500095390944733966e-05 3.617634556425882201e-05 3.740534714487320277e-05 3.869085419767090661e-05 4.003593448866907598e-05 4.144383874463333361e-05 4.291801210714343118e-05 4.446210635579915630e-05 4.607999296209235518e-05 4.777577704131644567e-05 4.955381227606163675e-05 5.141871689159541832e-05 5.337539077047324064e-05 5.542903380120317694e-05 5.758516556365830152e-05 5.984964646198493186e-05 6.222870042415833082e-05 6.472893929575491252e-05 6.735738906405812343e-05 7.012151805700094528e-05 7.302926726963152439e-05 7.608908297858375770e-05 7.930995181221228056e-05 8.270143845047681877e-05 8.627372613411811756e-05 9.003766016676725934e-05 9.400479459641870894e-05 9.818744226355046215e-05 1.025987284020866763e-04 1.072526479759997704e-04 1.121641269282784131e-04 1.173490875100860009e-04 1.228245178458429500e-04
2.652998817896938706e-05 2.724141726569967974e-05 2.798078380165887119e-05 2.874943385597946493e-05 2.954878823671054121e-05 3.038034696492361320e-05 3.124569401875900993e-05 3.214650236335971946e-05 3.308453928372653158e-05 3.406167203873414201e-05 3.507987385595434090e-05 3.614123028844238694e-05 3.724794595636726486e-05 3.840235169830780843e-05 3.960691215921735369e-05 4.086423384443125281e-05 4.217707367189882188e-05 4.354834805773262973e-05 4.498114257363163384e-05 4.647872221837335362e-05 4.804454234974032278e-05 4.968226032771652645e-05 5.139574792472407139e-05 5.318910456406555822e-05 5.506667145352378112e-05 5.703304668729759715e-05 5.909310139619157140e-05 6.125199703300502588e-05 6.351520388761060221e-05 6.588852093398207105e-05 6.837809711959464884e-05 7.099045421594223895e-05 7.373251135738076044e-05 7.661161140403149059e-05 7.963554927287589996e-05 8.281260238937810433e-05 8.615156341972855152e-05 8.966177545105316333e-05 9.335316979337667735e-05 9.723630658255116410e-05 1.013224183676236426e-04 1.056234568688840483e-04 1.101521430937705957e-04 1.149220209969084035e-04 1.199475148671698762e-04 1.252439906188003752e-04 1.308278211548871966e-04 1.367164559595777625e-04 1.429284950601275605e-04 1.494837674809722803e-04 1.564034142891214548e-04
3.407314726047770779e-05 3.497484805110279935e-05 3.591203087077877033e-05 3.688640333579846798e-05 3.789976697427324003e-05 3.895402272546826970e-05 4.005117676161265745e-05 4.119334665140632752e-05 4.238276788594005034e-05 4.362180078947423584e-05 4.491293783940820343e-05 4.625881142194270852e-05 4.766220205229109580e-05 4.912604709107963559e-05 5.065344999149460541e-05 5.224769011513337062e-05 5.391223315820614968e-05 5.565074223383102150e-05 5.746708966066458468e-05 5.936536951302714895e-05 6.134991099303794854e-05 6.342529269108321309e-05 6.559635780714498333e-05 6.786823041223462890e-05 7.024633283620402354e-05 7.273640427572609858e-05 7.534452072401753723e-05 7.807711633200285989e-05 8.094100631895036419e-05 8.394341155905154714e-05 8.709198497898313859e-05 9.039483990982664105e-05 9.386058054500236972e-05 9.749833466365581745e-05 1.013177887861675734e-04 1.053292259350398495e-04 1.095435661798640917e-04 1.139724101494826811e-04 1.186280856972711008e-04 1.235236979067100738e-04 1.286731826235507146e-04 1.340913636978269827e-04 1.397940141133652856e-04 1.457979211739388319e-04 1.521209559037673016e-04 1.587821468050376345e-04 1.658017580967153474e-04 1.732013725364898267e-04 1.810039789013767077e-04 1.892340641719678269e-04 1.979177104304600480e-04
4.350487180794578333e-05 4.464336128927999335e-05 4.582669740570016352e-05 4.705703129704539309e-05 4.833663091241276015e-05 4.966788768843954352e-05 5.105332361083857987e-05 5.249559868299449400e-05 5.399751882745246120e-05 5.556204424861506082e-05 5.719229828755754741e-05 5.889157680289422106e-05 6.066335811493593795e-05 6.251131355408398127e-05 6.443931865845357128e-05 6.645146507020430302e-05 6.855207318497662369e-05 7.074570561412710614e-05 7.303718152525234797e-05 7.543159193271604902e-05 7.793431601650525756e-05 8.055103855483146868e-05 8.328776856331164319e-05 8.615085924140485410e-05 8.914702933481064137e-05 9.228338603087673597e-05 9.556744951255784746e-05 9.900717930490135314e-05 1.026110025565210050e-04 1.063878444067240100e-04 1.103471605968273328e-04 1.144989724914570738e-04 1.188539046823332604e-04 1.234232253525629455e-04 1.282188895840152409e-04 1.332535857933939149e-04 1.385407854840117216e-04 1.440947964997340810e-04 1.499308199647534268e-04 1.560650110876524881e-04 1.625145440001286856e-04 1.692976807896793255e-04 1.764338448711704301e-04 1.839436988241972370e-04 1.918492268014614674e-04 2.001738215876466798e-04 2.089423763583936344e-04 2.181813811549181104e-04 2.279190240513849996e-04 2.381852969493256133e-04 2.490121058864609022e-04
5.526677393592115763e-05 5.669911850110079851e-05 5.818787810135851593e-05 5.973574355395750340e-05 6.134554953367315393e-05 6.302028260105806351e-05 6.476308968689756024e-05 6.657728706304494835e-05 6.846636983283170888e-05 7.043402197748937815e-05 7.248412699872790557e-05 7.462077920162695508e-05 7.684829566646798665e-05 7.917122896299708568e-05 8.159438066591842911e-05 8.412281573614678132e-05 8.676187783856628775e-05 8.951720567360560530e-05 9.239475040702736623e-05 9.540079428966797496e-05 9.854197056673695554e-05 1.018252847842331641e-04 1.052581376084063737e-04 1.088483492826115807e-04 1.126041858543977436e-04 1.165343873141214684e-04 1.206481977945996696e-04 1.249553979892545070e-04 1.294663399535469041e-04 1.341919844611894107e-04 1.391439410924213505e-04 1.443345112362435015e-04 1.497767341918001399e-04 1.554844365557051097e-04 1.614722850819132237e-04 1.677558431982601925e-04 1.743516313590367454e-04 1.812771914052672116e-04 1.885511550939820004e-04 1.961933169437892984e-04 2.042247115268825807e-04 2.126676953164734402e-04 2.215460331738058886e-04 2.308849895296911177e-04 2.407114242824091800e-04 2.510538933960726666e-04 2.619427541418507268e-04 2.734102748780989334e-04 2.854907492152540245e-04 2.982206143568538292e-04 3.116385733499678042e-04
6.989959864575706020e-05 7.169560911016974322e-05 7.356225498491368825e-05 7.550287842183149968e-05 7.752099708345902747e-05 7.962031372200002483e-05 8.180472630553542695e-05 8.407833873073308230e-05 8.644547216535460174e-05 8.891067706823928437e-05 9.147874593935979457e-05 9.415472685773775582e-05 9.694393787078420493e-05 9.985198230471879787e-05 1.028847650723825353e-04 1.060485100616605767e-04 1.093497786951687161e-04 1.127954897595994190e-04 1.163929406110839553e-04 1.201498298712744191e-04 1.240742817372360036e-04 1.281748720366968097e-04 1.324606561687234846e-04 1.369411990780622650e-04 1.416266074193986359e-04 1.465275640751661352e-04 1.516553651974152203e-04 1.570219599500130071e-04 1.626399931324080570e-04 1.685228508695445237e-04 1.746847095545307012e-04 1.811405882306406465e-04 1.879064045972892111e-04 1.949990348201528182e-04 2.024363773185875186e-04 2.102374206935146922e-04 2.184223159457657692e-04 2.270124531183143144e-04 2.360305424755165219e-04 2.455007003084014425e-04 2.554485394268327624e-04 2.659012643670479749e-04 2.768877713064526471e-04 2.884387526366383615e-04 3.005868061004129130e-04 3.133665483492051079e-04 3.268147327237862459e-04 3.409703710040204298e-04 3.558748588124189139e-04 3.715721042924819578e-04 3.881086596159756823e-04
8.806441616546859820e-05 9.030922420276180323e-05 9.264205828921211910e-05 9.506704038444402870e-05 9.758850473843945429e-05 1.002110092716410652e-04 1.029393476198938329e-04 1.057785618958330875e-04 1.087339562235643234e-04 1.118111111091666169e-04 1.150158987156795219e-04 1.183544991177749682e-04 1.218334176182553228e-04 1.254595032158661318e-04 1.292399683216392218e-04 1.331824098289241336e-04 1.372948316505386002e-04 1.415856688448405493e-04 1.460638134610294805e-04 1.507386422423640871e-04 1.556200463343274923e-04 1.607184631526859778e-04 1.660449105738706025e-04 1.716110236171124507e-04 1.774290937935659568e-04 1.835121113028636143e-04 1.898738102610592461e-04 1.965287171461794764e-04 2.034922026479902624e-04 2.107805371069172218e-04 2.184109497231348431e-04 2.264016917102775329e-04 2.347721035588569189e-04 2.435426865620023661e-04 2.527351787402178020e-04 2.623726352824567142e-04 2.724795135975055667e-04 2.830817630424805687e-04 2.942069193637979630e-04 3.058842038504698980e-04 3.181446271596163628e-04 3.310210977300162734e-04 3.445485346511368619e-04 3.587639848026319737e-04 3.737067440230372613e-04 3.894184820064840332e-04 4.059433705629931317e-04 4.233282148120608764e-04 4.416225868107827128e-04 4.608789610477754465e-04 4.811528511628156211e-04
1.105678487221684866e-04 1.133649005585350055e-04 1.162711327496551933e-04 1.192915937564851343e-04 1.224315868930293133e-04 1.256966838363110202e-04 1.290927389559430973e-04 1.326259045309267882e-04 1.363026469278786549e-04 1.401297638218177929e-04 1.441144025478851448e-04 1.482640796800835511e-04 1.525867019410752173e-04 1.570905885552218134e-04 1.617844951654842667e-04 1.666776394432101639e-04 1.717797285282512314e-04 1.771009884451236517e-04 1.826521956489681354e-04 1.884447108625155398e-04 1.944905153722985649e-04 2.008022499584023171e-04 2.073932566372450631e-04 2.142776234006685385e-04 2.214702321371527405e-04 2.289868099215555826e-04 2.368439838586132136e-04 2.450593396618079025e-04 2.536514841432865246e-04 2.626401117816472720e-04 2.720460755226123241e-04 2.818914619524448182e-04 2.921996709653521115e-04 3.029955000237486654e-04 3.143052330838975268e-04 3.261567342291356330e-04 3.385795460183284094e-04 3.516049925183524342e-04 3.652662869464734139e-04 3.795986438010896758e-04 3.946393953080716641e-04 4.104281119546130145e-04 4.270067268235810411e-04 4.444196633790549640e-04 4.627139662885830160e-04 4.819394347998139051e-04 5.021487581198750411e-04 5.233976521745041695e-04 5.457449970528395131e-04 5.692529743721097069e-04 5.939872037261140257e-04
1.383918824588964533e-04 1.418663786894723989e-04 1.454756461206622076e-04 1.492258263309433769e-04 1.531233649891330104e-04 1.571750279378863644e-04 1.613879183005948587e-04 1.657694946991999983e-04 1.703275906779266663e-04 1.750704354359644012e-04 1.800066759802324804e-04 1.851454008176878815e-04 1.904961653150633017e-04 1.960690188623103640e-04 2.018745339842883718e-04 2.079238375532178830e-04 2.142286442619961923e-04 2.208012925254635036e-04 2.276547829828801236e-04 2.348028197802127267e-04 2.422598548147547192e-04 2.500411351273234477e-04 2.581627536282360283e-04 2.666417033423014709e-04 2.754959353549786419e-04 2.847444206362738828e-04 2.944072159107314615e-04 3.045055337306423098e-04 3.150618168952014917e-04 3.260998173404483025e-04 3.376446796033402459e-04 3.497230289379582298e-04 3.623630641323680223e-04 3.755946550413052508e-04 3.894494448120245527e-04 4.039609567387779658e-04 4.191647056352476347e-04 4.350983135639913146e-04 4.518016297078533998e-04 4.693168541102435811e-04 4.876886649500438223e-04 5.069643489523605441e-04 5.271939344694251449e-04 5.484303266969516423e-04 5.707294444206035796e-04 5.941503576160160052e-04 6.187554251542299851e-04 6.446104317938281198e-04 6.717847235717856356e-04 7.003513406382126140e-04 7.303871465169881972e-04
1.727288100460567654e-04 1.770316105042864946e-04 1.814999659766320761e-04 1.861413000331338277e-04 1.909633975049665727e-04 1.959744237418211093e-04 2.011829451575045341e-04 2.065979511739268271e-04 2.122288776820318310e-04 2.180856321465820386e-04 2.241786204900058190e-04 2.305187758987886366e-04 2.371175897038939383e-04 2.439871444941853955e-04 2.511401496288997765e-04 2.585899793214569775e-04 2.663507134722225417e-04 2.744371814320029817e-04 2.828650088808753473e-04 2.916506680081712541e-04 3.008115311787288269e-04 3.103659282678174853e-04 3.203332078420042519e-04 3.307338023554775154e-04 3.415892975206786110e-04 3.529225059984367066e-04 3.647575455355772742e-04 3.771199216573074722e-04 3.900366149972775680e-04 4.035361733196673410e-04 4.176488082552756525e-04 4.324064967369252812e-04 4.478430870786453619e-04 4.639944095980901083e-04 4.808983916325668736e-04 4.985951767459771266e-04 5.171272478670107002e-04 5.365395540388310288e-04 5.568796403967816435e-04 5.781977809246060347e-04 6.005471134712523544e-04 6.239837764402160957e-04 6.485670464924168628e-04 6.743594765321149010e-04 7.014270331746412209e-04 7.298392328248937263e-04 7.596692754283017280e-04 7.909941748913106854e-04 8.238948851081662672e-04 8.584564204750687799e-04 8.947679697231204678e-04
2.150218154801997791e-04 2.203338159001475395e-04 2.258481927923102297e-04 2.315738662944704035e-04 2.375201846928475121e-04 2.436969476524540189e-04 2.501144310704364647e-04 2.567834136868209216e-04 2.637152055952574309e-04 2.709216788042610410e-04 2.784153000070692190e-04 2.862091657251178162e-04 2.943170399965128778e-04 3.027533947861857908e-04 3.115334532987149843e-04 3.206732363776610404e-04 3.301896121767734587e-04 3.401003492878194520e-04 3.504241735074853478e-04 3.611808284209067511e-04 3.723911399722319043e-04 3.840770851822942447e-04 3.962618651605139420e-04 4.089699825415888008e-04 4.222273234576315640e-04 4.360612441327214287e-04 4.505006621594496671e-04 4.655761524853421589e-04 4.813200481016619015e-04 4.977665453871076180e-04 5.149518140152470639e-04 5.329141112863154499e-04 5.516939006922090940e-04 5.713339744676677314e-04 5.918795798213043755e-04 6.133785484777370045e-04 6.358814290966068039e-04 6.594416220667311110e-04 6.841155161040623784e-04 7.099626260114649595e-04 7.370457308871989363e-04 7.654310119980349547e-04 7.951881894629639303e-04 8.263906568255301437e-04 8.591156125274476306e-04 8.934441872346707671e-04 9.294615659099555310e-04 9.672571034746176672e-04 1.006924432857061362e-03 1.048561564188030433e-03 1.092270973873082441e-03
2.670116457635301555e-04 2.735486200637035387e-04 2.803317696901378884e-04 2.873717567839382202e-04 2.946797507094152608e-04 3.022674562882715957e-04 3.101471440650492616e-04 3.183316827611329890e-04 3.268345740814813764e-04 3.356699900445618231e-04 3.448528130113735399e-04 3.543986785935630867e-04 3.643240216238349555e-04 3.746461253731952958e-04 3.853831741994014786e-04 3.965543098086726651e-04 4.081796913083249800e-04 4.202805592209278465e-04 4.328793036210583085e-04 4.459995365429180966e-04 4.596661687913697835e-04 4.739054912695895129e-04 4.887452609136883975e-04 5.042147912980226654e-04 5.203450479442362202e-04 5.371687483325123620e-04 5.547204665747294556e-04 5.730367426664583538e-04 5.921561961877387301e-04 6.121196442717117712e-04 6.329702236056309250e-04 6.547535161703129779e-04 6.775176783627521321e-04 7.013135730820484626e-04 7.261949042920189720e-04 7.522183535049966783e-04 7.794437175610716487e-04 8.079340470062894384e-04 8.377557843023941122e-04 8.689789010306005678e-04 9.016770331835668225e-04 9.359276135737233226e-04 9.718120003235637249e-04 1.009415600345267691e-03 1.048827986664061223e-03 1.090143008392719694e-03 1.133458892124984295e-03 1.178878333483716944e-03 1.226508577536356264e-03 1.276461486776963574e-03 1.328853595370329274e-03
3.307897145169324984e-04 3.388076053638267721e-04 3.471234937652002933e-04 3.557500677091334396e-04 3.647006169677038966e-04 3.739890676109302280e-04 3.836300190276535692e-04 3.936387836283750000e-04 4.040314294092315966e-04 4.148248255593619724e-04 4.260366912954334116e-04 4.376856481068858618e-04 4.497912755934177736e-04 4.623741710718852157e-04 4.754560131232387385e-04 4.890596292406087500e-04 5.032090677276344947e-04 5.179296739806254135e-04 5.332481712695769181e-04 5.491927461107611692e-04 5.657931382978510174e-04 5.830807356285574528e-04 6.010886733302384100e-04 6.198519381500163699e-04 6.394074770332049693e-04 6.597943102679323371e-04 6.810536489241036202e-04 7.032290163611454965e-04 7.263663735218572068e-04 7.505142476691296482e-04 7.757238641587293560e-04 8.020492807754728498e-04 8.295475240918615207e-04 8.582787272386653088e-04 8.883062684065869434e-04 9.196969093274130758e-04 9.525209329129967397e-04 9.868522791618363106e-04 1.022768678376511937e-03 1.060351780671911406e-03 1.099687280694956444e-03 1.140865036422182349e-03 1.183979180852884902e-03 1.229128225374151104e-03 1.276415153539615845e-03 1.325947503978565974e-03 1.377837441135481471e-03 1.432201812533808816e-03 1.489162191262149819e-03 1.548844902396424254e-03 1.611381032098542629e-03
4.088578553689319810e-04 4.186584895018093415e-04 4.288181372528218193e-04 4.393518452935052106e-04 4.502753763249676424e-04 4.616052513720893995e-04 4.733587951084860536e-04 4.855541843948704868e-04 4.982105002134681014e-04 5.113477831790046082e-04 5.249870928026140974e-04 5.391505706786143496e-04 5.538615077549296833e-04 5.691444158360738515e-04 5.850251034527326850e-04 6.015307562137548868e-04 6.186900217346759899e-04 6.365330992117982810e-04 6.550918336817026719e-04 6.743998149732003669e-04 6.944924813218347152e-04 7.154072275762358947e-04 7.371835178806469824e-04 7.598630026692847683e-04 7.834896397555500287e-04 8.081098192429658897e-04 8.337724919251811306e-04 8.605293007798878267e-04 8.884347150962979434e-04 9.175461667085610049e-04 9.479241877385676928e-04 9.796325491815498741e-04 1.012738399597801469e-03 1.047312403103731714e-03 1.083428875786749540e-03 1.121165919601987363e-03 1.160605552744557257e-03 1.201833835431332861e-03 1.244940989970473805e-03 1.290021513947175536e-03 1.337174285310887547e-03 1.386502658112719012e-03 1.438114547614591796e-03 1.492122503472421329e-03 1.548643769686791887e-03 1.607800330015986051e-03 1.669718937558422982e-03 1.734531127235688008e-03 1.802373209942574519e-03 1.873386247178701223e-03 1.947716005035709640e-03
5.041947998342030104e-04 5.161320070255321583e-04 5.284997610574225773e-04 5.413158631780833757e-04 5.545989696460812066e-04 5.683686434617285380e-04 5.826454096652246110e-04 5.974508143766878512e-04 6.128074877466453078e-04 6.287392109767819554e-04 6.452709875589651397e-04 6.624291188660343891e-04 6.802412842099968401e-04 6.987366254621573671e-04 7.179458363049942213e-04 7.379012561573086975e-04 7.586369687818236753e-04 7.801889055485879566e-04 8.025949532872690088e-04 8.258950666178023047e-04 8.501313846006998756e-04 8.753483514971767106e-04 9.015928413737174388e-04 9.289142862274722559e-04 9.573648072472245142e-04 9.869993487604139006e-04 1.017875814350340967e-03 1.050055204559325901e-03 1.083601755524594718e-03 1.118583077823334616e-03 1.155070294734329619e-03 1.193138179054404821e-03 1.232865287541476179e-03 1.274334091991398453e-03 1.317631105895300005e-03 1.362847005567627235e-03 1.410076744584124733e-03 1.459419660324193539e-03 1.510979571374252567e-03 1.564864864519011946e-03 1.621188570026682943e-03 1.680068423922405265e-03 1.741626915943164438e-03 1.805991321876798715e-03 1.873293719008556086e-03 1.943670983431307082e-03 2.017264768019755815e-03 2.094221459925757478e-03 2.174692116520714723e-03 2.258832378791559431e-03 2.346802361289544985e-03
6.203293130754820731e-04 6.348154415831219017e-04 6.498156846402524615e-04 6.653510745829124438e-04 6.814436681479884347e-04 6.981166093270274554e-04 7.153941962810808543e-04 7.333019524628470957e-04 7.518667020781502966e-04 7.711166500011783914e-04 7.910814662371295353e-04 8.117923750018626611e-04 8.332822484600453661e-04 8.555857051321258270e-04 8.787392129448433082e-04 9.027811968608382472e-04 9.277521509801442976e-04 9.536947549590210193e-04 9.806539945415098606e-04 1.008677285944527746e-03 1.037814603780042857e-03 1.068118612137404846e-03 1.099644798385365947e-03 1.132451609187998471e-03 1.166600588161365373e-03 1.202156514528962637e-03 1.239187542065100373e-03 1.277765337545706380e-03 1.317965217858135763e-03 1.359866284854352502e-03 1.403551556967716149e-03 1.449108096552231438e-03 1.496627131846258243e-03 1.546204172410658041e-03 1.597939116845544785e-03 1.651936351550250832e-03 1.708304839260114862e-03 1.767158196070458490e-03 1.828614755644489796e-03 1.892797619298329081e-03 1.959834690663085459e-03 2.029858693642028200e-03 2.103007172410592800e-03 2.179422472248290256e-03 2.259251700045276836e-03 2.342646663391823557e-03 2.429763787236919031e-03 2.520764007191568946e-03 2.615812638653609076e-03 2.715079221042884100e-03 2.818737336558122496e-03
7.614198029508336936e-04 7.789326510729139815e-04 7.970569825203089069e-04 8.158176382412838648e-04 8.352406892254426746e-04 8.553535119992013852e-04 8.761848685621710913e-04 8.977649908561943001e-04 9.201256698347945549e-04 9.433003491736078857e-04 9.673242236311063464e-04 9.922343420348314885e-04 1.018069714829024017e-03 1.044871426078393655e-03 1.072682749775807345e-03 1.101549270252658204e-03 1.131519006437372871e-03 1.162642539650890570e-03 1.194973144568619444e-03 1.228566922915985335e-03 1.263482939400136038e-03 1.299783359313960848e-03 1.337533587180662290e-03 1.376802405738666510e-03 1.417662114498127431e-03 1.460188667032016928e-03 1.504461806098466529e-03 1.550565195626540200e-03 1.598586548536122488e-03 1.648617749305529307e-03 1.700754970147437496e-03 1.755098779607059322e-03 1.811754242356115917e-03 1.870831008923212312e-03 1.932443394076680193e-03 1.996710442560156989e-03 2.063755980875682777e-03 2.133708653813389932e-03 2.206701944442469691e-03 2.282874176305127456e-03 2.362368496593811318e-03 2.445332839142722470e-03 2.531919866127447204e-03 2.622286887441200101e-03 2.716595756803133650e-03 2.815012743752175282e-03 2.917708380789583653e-03 3.024857285053129691e-03 3.136637954036071776e-03 3.253232535002496730e-03 3.374826567897978684e-03
9.323401437846217223e-04 9.534303644985586256e-04 9.752453224639160475e-04 9.978143674191195141e-04 1.021168326320692722e-03 1.045339592573869695e-03 1.070362219882386437e-03 1.096272020724900660e-03 1.123106669431325495e-03 1.150905809794577558e-03 1.179711167111905431e-03 1.209566664504742491e-03 1.240518543317423086e-03 1.272615487342750517e-03 1.305908750567192538e-03 1.340452288069778107e-03 1.376302889647654194e-03 1.413520315677630011e-03 1.452167434657668666e-03 1.492310361805209654e-03 1.534018598021677374e-03 1.577365168464537519e-03 1.622426759900646260e-03 1.669283855948918219e-03 1.718020869255513713e-03 1.768726269583999850e-03 1.821492706744990515e-03 1.876417127236704478e-03 1.933600883420580341e-03 1.993149834014426580e-03 2.055174434651848257e-03 2.119789817230526702e-03 2.187115856754592944e-03 2.257277224368903039e-03 2.330403425285210248e-03 2.406628820313685534e-03 2.486092629737722982e-03 2.568938918306031254e-03 2.655316560164059248e-03 2.745379182606878452e-03 2.839285087607717941e-03 2.937197150160168919e-03 3.039282692568002434e-03 3.145713333923080661e-03 3.256664814129667154e-03 3.372316791960885962e-03 3.492852616769951367e-03 3.618459073624208377e-03 3.749326101781873602e-03 3.885646486590709544e-03 4.027615525050678297e-03
1.138771439649214831e-03 1.164070516410017951e-03 1.190225947586856471e-03 1.217272434739484141e-03 1.245246449112921315e-03 1.274186334959966516e-03 1.304132417362881399e-03 1.335127114446555069e-03 1.367215053831259512e-03 1.400443193125285642e-03 1.434860944206445927e-03 1.470520300987301823e-03 1.507475970301238102e-03 1.545785505486422726e-03 1.585509442182493883e-03 1.626711435789963446e-03 1.669458399976754158e-03 1.713820645549448546e-03 1.759872018939532016e-03 1.807690039488532704e-03 1.857356034650090417e-03 1.908955272163230261e-03 1.962577088190161842e-03 2.018315010354038933e-03 2.076266874559235150e-03 2.136534934428171387e-03 2.199225962147391238e-03 2.264451339479963028e-03 2.332327137674696221e-03 2.402974184983418769e-03 2.476518120488960424e-03 2.553089432946371602e-03 2.632823483351713536e-03 2.715860509974879662e-03 2.802345614626537088e-03 2.892428728975081527e-03 2.986264559786870262e-03 3.084012512032361947e-03 3.185836588882538269e-03 3.291905267712423762e-03 3.402391351333649075e-03 3.517471793792404083e-03 3.637327500195164029e-03 3.762143100159017275e-03 3.892106694626535756e-03 4.027409575936861594e-03 4.168245921200916873e-03 4.314812459191976445e-03 4.467308111129116889e-03 4.625933605899909713e-03 4.790891070439626601e-03
1.387299491219516493e-03 1.417528415429577604e-03 1.448766621938583953e-03 1.481055164965154602e-03 1.514437207210471209e-03 1.548958136555721610e-03 1.584665686743898586e-03 1.621610061794397182e-03 1.659844063845702759e-03 1.699423224064742274e-03 1.740405936203028286e-03 1.782853592317884235e-03 1.826830720114038485e-03 1.872405121296156008e-03 1.919648010256830252e-03 1.968634152358869367e-03 2.019442001004493562e-03 2.072153832619322202e-03 2.126855878615936061e-03 2.183638453340919390e-03 2.242596076951881845e-03 2.303827592118012652e-03 2.367436273389049353e-03 2.433529928035427399e-03 2.502220987126844987e-03 2.573626585587865390e-03 2.647868629950046390e-03 2.725073852508782049e-03 2.805373850592477857e-03 2.888905109661063422e-03 2.975809008970823483e-03 3.066231808574742309e-03 3.160324616470135736e-03 3.258243334761284742e-03 3.360148583770820180e-03 3.466205603113445884e-03 3.576584128835556646e-03 3.691458245826415973e-03 3.811006214819488182e-03 3.935410273425582819e-03 4.064856410772097264e-03 4.199534115464325160e-03 4.339636096734105983e-03 4.485357978796508834e-03 4.636897968597441036e-03 4.794456497300470660e-03 4.958235836029588513e-03 5.128439686555488937e-03 5.305272747782885726e-03 5.488940259065464705e-03 5.679647521541832632e-03
1.685517803883095382e-03 1.721496590941757211e-03 1.758662375681980996e-03 1.797063728599847558e-03 1.836751710849722800e-03 1.877780002200969776e-03 1.920205031985318172e-03 1.964086112615867890e-03 2.009485575199205631e-03 2.056468906699694590e-03 2.105104888051711164e-03 2.155465732550738457e-03 2.207627223789602067e-03 2.261668852341045931e-03 2.317673950323909104e-03 2.375729822927659645e-03 2.435927875910250204e-03 2.498363738026834063e-03 2.563137377294119178e-03 2.630353209946909021e-03 2.700120200900587696e-03 2.772551954497496501e-03 2.847766794285839630e-03 2.925887830559666027e-03 3.007043014375886374e-03 3.091365176762716875e-03 3.178992051840925492e-03 3.270066282598513459e-03 3.364735408088519782e-03 3.463151830861250276e-03 3.565472763494689865e-03 3.671860153152023062e-03 3.782480583171004065e-03 3.897505150778958656e-03 4.017109320125945328e-03 4.141472749939667866e-03 4.270779095226361240e-03 4.405215782572721554e-03 4.544973758743158475e-03 4.690247212414916204e-03 4.841233269046994227e-03 4.998131659040269681e-03 5.161144359510072208e-03 5.330475210161242025e-03 5.506329503925333664e-03 5.688913553190278610e-03 5.878434232622176819e-03 6.075098499746370284e-03 6.279112894617518842e-03 6.490683020067247906e-03 6.710013004168405119e-03
2.042136040312637294e-03 2.084794181333260096e-03 2.128845854656310869e-03 2.174348463249579748e-03 2.221362318141887563e-03 2.269950773860548304e-03 2.320180365326983320e-03 2.372120945610538354e-03 2.425845823877496431e-03 2.481431902808695512e-03 2.538959814694973730e-03 2.598514055357220229e-03 2.660183114976163565e-03 2.724059604857579416e-03 2.790240379102355232e-03 2.858826650098177623e-03 2.929924096701519171e-03 3.003642963935954004e-03 3.080098152996659910e-03 3.159409300321204712e-03 3.241700844465660730e-03 3.327102079511874699e-03 3.415747193728704747e-03 3.507775292215278753e-03 3.603330402272785903e-03 3.702561460277442075e-03 3.805622278867901685e-03 3.912671493309844740e-03 4.023872485963818184e-03 4.139393287856296851e-03 4.259406456439346692e-03 4.384088928722326868e-03 4.513621849066323105e-03 4.648190371051363207e-03 4.787983432954606190e-03 4.933193506515458696e-03 5.084016318809145979e-03 5.240650547203314254e-03 5.403297487531082827e-03 5.572160695777768347e-03 5.747445603745814091e-03 5.929359109332133990e-03 6.118109142222241843e-03 6.313904205975408128e-03 6.516952897642784223e-03 6.727463406224686200e-03 6.945642991432104084e-03 7.171697444370833847e-03 7.405830531911377322e-03 7.648243426644565045e-03 7.899134124447751079e-03
2.467093821971950637e-03 2.517481663369746953e-03 2.569502947631115489e-03 2.623225348622451516e-03 2.678719886616558795e-03 2.736061065615160142e-03 2.795327010036889083e-03 2.856599599988747518e-03 2.919964604277248185e-03 2.985511810255185149e-03 3.053335149541256885e-03 3.123532818594610110e-03 3.196207393073843828e-03 3.271465934862751324e-03 3.349420090602168217e-03 3.430186180531099617e-03 3.513885276410570659e-03 3.600643267281402465e-03 3.690590911793493242e-03 3.783863875839725555e-03 3.880602754232244291e-03 3.980953075174451482e-03 4.085065286308204278e-03 4.193094721152539235e-03 4.305201544799297508e-03 4.421550677790958561e-03 4.542311697178193913e-03 4.667658713837619967e-03 4.797770225225607942e-03 4.932828942849470585e-03 5.073021593853647287e-03 5.218538696245249818e-03 5.369574307418213503e-03 5.526325745779553031e-03 5.688993285432187262e-03 5.857779824026294706e-03 6.032890524053721379e-03 6.214532428026237759e-03 6.402914048147484265e-03 6.598244931258398158e-03 6.800735200005761545e-03 7.010595071351386279e-03 7.228034353704459319e-03 7.453261924119803337e-03 7.686485187159160411e-03 7.927909517159123162e-03 8.177737685787887442e-03 8.436169276901338970e-03 8.703400090825546762e-03 8.979621540298807561e-03 9.265020040397220838e-03
2.971679667706581505e-03 3.030980529034965967e-03 3.092193094800944030e-03 3.155396816148338997e-03 3.220674929054621622e-03 3.288114586129671675e-03 3.357806985153658375e-03 3.429847493404163204e-03 3.504335766767886079e-03 3.581375862581222518e-03 3.661076345096289739e-03 3.743550382427514572e-03 3.828915833796544405e-03 3.917295325864151093e-03 4.008816316914719409e-03 4.103611147644611878e-03 4.201817077300065706e-03 4.303576303914142913e-03 4.409035967405755714e-03 4.518348134328762679e-03 4.631669763093751967e-03 4.749162648532167554e-03 4.870993344730387142e-03 4.997333065130708622e-03 5.128357558977737415e-03 5.264246963280059220e-03 5.405185629561898124e-03 5.551361924792048812e-03 5.702968006001988069e-03 5.860199568238410282e-03 6.023255565636673713e-03 6.192337905551425527e-03 6.367651115835977309e-03 6.549401985523584449e-03 6.737799179328473990e-03 6.933052826553027723e-03 7.135374085156740917e-03 7.344974681911978914e-03 7.562066429740284257e-03 7.786860723487601041e-03 8.019568015558536586e-03 8.260397272984783268e-03 8.509555417651210735e-03 8.767246751543547253e-03 9.033672369011327974e-03 9.309029558159848117e-03 9.593511193592491743e-03 9.887305122819602457e-03 1.019059354873095950e-02 1.050355241059680242e-02 1.082635076611254514e-02
3.568654597973039237e-03 3.638197180845960301e-03 3.709973274542940989e-03 3.784075601930031452e-03 3.860601082019477111e-03 3.939650947218443708e-03 4.021330854236979807e-03 4.105750987569061275e-03 4.193026154417994755e-03 4.283275869902227091e-03 4.376624431346314535e-03 4.473200980439932459e-03 4.573139552031965649e-03 4.676579108320371922e-03 4.783663557201283875e-03 4.894541753552601043e-03 5.009367482250724410e-03 5.128299421751940021e-03 5.251501087114648393e-03 5.379140751394386084e-03 5.511391344410636328e-03 5.648430327963116157e-03 5.790439546664971626e-03 5.937605053660938853e-03 6.090116910610331516e-03 6.248168961435639560e-03 6.411958579468603897e-03 6.581686387765259792e-03 6.757555952508217424e-03 6.939773449568508931e-03 7.128547304458991707e-03 7.324087806074595919e-03 7.526606694782392130e-03 7.736316725592356190e-03 7.953431207309711454e-03 8.178163518737022533e-03 8.410726603160275511e-03 8.651332442514909557e-03 8.900191512783922967e-03 9.157512222329879797e-03 9.423500335004766568e-03 9.698358380013163971e-03 9.982285050627070708e-03 1.027547459395994518e-02 1.057811619410597113e-02 1.089039335103433349e-02 1.121248325769847419e-02 1.154455617787508714e-02 1.188677482728743746e-02 1.223929376059196966e-02 1.260225876681459259e-02
4.272379560726110269e-03 4.353649887756017370e-03 4.437524189112108768e-03 4.524109837729027757e-03 4.613518754404737944e-03 4.705867500254423685e-03 4.801277359425404866e-03 4.899874410898079694e-03 5.001789588174207664e-03 5.107158725638418807e-03 5.216122590371203432e-03 5.328826898192689544e-03 5.445422312727880160e-03 5.566064426304384062e-03 5.690913721525592446e-03 5.820135512404150946e-03 5.953899863993932298e-03 6.092381489523730591e-03 6.235759624111233621e-03 6.384217874223281630e-03 6.537944042146333692e-03 6.697129924839486693e-03 6.861971086661452883e-03 7.032666605590688624e-03 7.209418792694988198e-03 7.392432884751824751e-03 7.581916710072134080e-03 7.778080327737768064e-03 7.981135640625594552e-03 8.191295982756028812e-03 8.408775681672095784e-03 8.633789596723583093e-03 8.866552634298002777e-03 9.107279241206540227e-03 9.356182877594848568e-03 9.613475470905815876e-03 9.879366852572339652e-03 1.015406417926151966e-02 1.043777134062522441e-02 1.073068835563723879e-02 1.103301075970820021e-02 1.134492898487206650e-02 1.166662773542283087e-02 1.199828536145495540e-02 1.234007323281850581e-02 1.269215511604369385e-02 1.305468655681631118e-02 1.342781427059810961e-02 1.381167554398107442e-02 1.420639764934418167e-02 1.461209727534597616e-02
5.098945459943464951e-03 5.193597251880165480e-03 5.291276774050893833e-03 5.392107188129782736e-03 5.496216459896577367e-03 5.603737416022316550e-03 5.714807787581671454e-03 5.829570239090619763e-03 5.948172381867932075e-03 6.070766770527570577e-03 6.197510881429227174e-03 6.328567071942422725e-03 6.464102519420364575e-03 6.604289138829716119e-03 6.749303478044921256e-03 6.899326589888703752e-03 7.054543880083735848e-03 7.215144930376476973e-03 7.381323296198875721e-03 7.553276278349890273e-03 7.731204668303507353e-03 7.915312466884743409e-03 8.105806576196342497e-03 8.302896464829160120e-03 8.506793806543812980e-03 8.717712092771718116e-03 8.935866219447726258e-03 9.161472048853005340e-03 9.394745947314099913e-03 9.635904299771548553e-03 9.885163002397093571e-03 1.014273693460049884e-02 1.040883941192532504e-02 1.068368162148446154e-02 1.096747204173105679e-02 1.126041584849656399e-02 1.156271430935358613e-02 1.187456416847657362e-02 1.219615702427618437e-02 1.252767870217425840e-02 1.286930862496119335e-02 1.322121918324110044e-02 1.358357510851530836e-02 1.395653285148693197e-02 1.434023996818437063e-02 1.473483451650112533e-02 1.514044446573198886e-02 1.555718712165434295e-02 1.598516856965451552e-02 1.642448313833543352e-02 1.687521288596497554e-02
6.066304391102092346e-03 6.176166500045412490e-03 6.289537075454255249e-03 6.406555832200107846e-03 6.527367413370425628e-03 6.652121400619943024e-03 6.780972307796099066e-03 6.914079556683231688e-03 7.051607433736410170e-03 7.193725026713677917e-03 7.340606140162722962e-03 7.492429188777388789e-03 7.649377067709336141e-03 7.811636999000289017e-03 7.979400353392746698e-03 8.152862446878348865e-03 8.332222311456605537e-03 8.517682439697102023e-03 8.709448502830533997e-03 8.907729042232720440e-03 9.112735134311659296e-03 9.324680028961229369e-03 9.543778761902948007e-03 9.770247741398944974e-03 1.000430430998463724e-02 1.024616628203555563e-02 1.049605145814964946e-02 1.075417711749114373e-02 1.102075948940443341e-02 1.129601320576558224e-02 1.158015073569055101e-02 1.187338180436661207e-02 1.217591279790993138e-02 1.248794615628142160e-02 1.280967975641027559e-02 1.314130628778071609e-02 1.348301262283086235e-02 1.383497918459172110e-02 1.419737931406142052e-02 1.457037863985763577e-02 1.495413445272973652e-02 1.534879508752808389e-02 1.575449931523428132e-02 1.617137574764181823e-02 1.659954225724884214e-02 1.703910541488049685e-02 1.749015994749898717e-02 1.795278821858430074e-02 1.842705973338123332e-02 1.891303067120448170e-02 1.941074344688003411e-02
7.194400989689229108e-03 7.321480323762803027e-03 7.452608071735089545e-03 7.587940757916260617e-03 7.727639792500709710e-03 7.871871425641283407e-03 8.020806681660467771e-03 8.174621272365283076e-03 8.333495488489680789e-03 8.497614068353467540e-03 8.667166042904296888e-03 8.842344556397405825e-03 9.023346662065549750e-03 9.210373092240759299e-03 9.403628002507293665e-03 9.603318689593120031e-03 9.809655282842130383e-03 1.002285040925331681e-02 1.024311883222325456e-02 1.047067706428192121e-02 1.070574295427433216e-02 1.094853524960075555e-02 1.119927313429512974e-02 1.145817574388579251e-02 1.172546165814723589e-02 1.200134837301354389e-02 1.228605175308459911e-02 1.257978546630683994e-02 1.288276040256053009e-02 1.319518407802276055e-02 1.351726002730732450e-02 1.384918718550188360e-02 1.419115926233239025e-02 1.454336411078118244e-02 1.490598309256813137e-02 1.527919044297452317e-02 1.566315263754245596e-02 1.605802776322382344e-02 1.646396489657504791e-02 1.688110349160287099e-02 1.730957277985786108e-02 1.774949118534828452e-02 1.820096575680786588e-02 1.866409161979469197e-02 1.913895145102933668e-02 1.962561497729448795e-02 2.012413850112059963e-02 2.063456445536984013e-02 2.115692098870746579e-02 2.169122158381357399e-02 2.223746471004468470e-02
8.505303902499960697e-03 8.651782268117250846e-03 8.802908478752997229e-03 8.958855496108971556e-03 9.119800930331161889e-03 9.285926929697273929e-03 9.457420047845476949e-03 9.634471087710295978e-03 9.817274921417613182e-03 1.000603028548297316e-02 1.020093955076272450e-02 1.040220846672116652e-02 1.061004587970044641e-02 1.082466342501159709e-02 1.104627519280453225e-02 1.127509736782212821e-02 1.151134784329457122e-02 1.175524580938861439e-02 1.200701131678571891e-02 1.226686481612740930e-02 1.253502667422930206e-02 1.281171666812910143e-02 1.309715345819617051e-02 1.339155404168874616e-02 1.369513318829949228e-02 1.400810285937835117e-02 1.433067161266249855e-02 1.466304399447720778e-02 1.500541992149211946e-02 1.535799405423200759e-02 1.572095516463935597e-02 1.609448550007395659e-02 1.647876014620870688e-02 1.687394639133904181e-02 1.728020309466821169e-02 1.769768006115897060e-02 1.812651742555492634e-02 1.856684504817270390e-02 1.901878192504552131e-02 1.948243561496579984e-02 1.995790168592237457e-02 2.044526318336341297e-02 2.094459012263577904e-02 2.145593900785597655e-02 2.197935237936238240e-02 2.251485839177597495e-02 2.306247042456626914e-02 2.362218672687747129e-02 2.419399009821611782e-02 2.477784760644368214e-02 2.537371034434815487e-02
1.002333960843678623e-02 1.019156310916248531e-02 1.036509124467290335e-02 1.054411232129932353e-02 1.072881884132112842e-02 1.091940732259934210e-02 1.111607809389676162e-02 1.131903506531864792e-02 1.152848547341952905e-02 1.174463960063810292e-02 1.196771046885159590e-02 1.219791350697540383e-02 1.243546619267577036e-02 1.268058766841397011e-02 1.293349833219231866e-02 1.319441940353156470e-02 1.346357246536992840e-02 1.374117898273544483e-02 1.402745979920768174e-02 1.432263461234363489e-02 1.462692142940395963e-02 1.494053600486946153e-02 1.526369126138679873e-02 1.559659669592653765e-02 1.593945777307081285e-02 1.629247530747370692e-02 1.665584483765333162e-02 1.702975599337785972e-02 1.741439185899963660e-02 1.780992833516916590e-02 1.821653350142585226e-02 1.863436698220985802e-02 1.906357931887533996e-02 1.950431135030275889e-02 1.995669360471030024e-02 2.042084570525221077e-02 2.089687579196191844e-02 2.138487996255254708e-02 2.188494173452883163e-02 2.239713153098732770e-02 2.292150619239416084e-02 2.345810851652568169e-02 2.400696682864110476e-02 2.456809458382999342e-02 2.514149000333678816e-02 2.572713574651746757e-02 2.632499861992469714e-02 2.693502932485376464e-02 2.755716224450949214e-02 2.819131527177745969e-02 2.883738967840210679e-02
1.177523438311527289e-02 1.196769446772982803e-02 1.216616848843305419e-02 1.237085823015634037e-02 1.258196899745088297e-02 1.279970936137198034e-02 1.302429088108668191e-02 1.325592779996295767e-02 1.349483671602966055e-02 1.374123622683383339e-02 1.399534654886731844e-02 1.425738911188430963e-02 1.452758612858698166e-02 1.480616014031321814e-02 1.509333353952240289e-02 1.538932807003455007e-02 1.569436430613978251e-02 1.600866111185313134e-02 1.633243508174496428e-02 1.666589996492866613e-02 1.700926607393052695e-02 1.736273968030589351e-02 1.772652239899258353e-02 1.810081056351287368e-02 1.848579459424237389e-02 1.888165836206094281e-02 1.928857854978317798e-02 1.970672401383610772e-02 2.013625514870635846e-02 2.057732325671908849e-02 2.103006992573596551e-02 2.149462641736806998e-02 2.197111306829322222e-02 2.245963870724359060e-02 2.296030009019213100e-02 2.347318135621172600e-02 2.399835350641164877e-02 2.453587390827330697e-02 2.508578582760866496e-02 2.564811799025489003e-02 2.622288417549499540e-02 2.681008284306046763e-02 2.740969679542615972e-02 2.802169287695510658e-02 2.864602171128609667e-02 2.928261747819067493e-02 2.993139773094804362e-02 3.059226325510923730e-02 3.126509796933762964e-02 3.194976886882756190e-02 3.264612601161925171e-02
1.379027523401960866e-02 1.400958115939497997e-02 1.423565509687473377e-02 1.446870966705453287e-02 1.470896011389256908e-02 1.495662397940242944e-02 1.521192075308717799e-02 1.547507149623387167e-02 1.574629844133427006e-02 1.602582456704704922e-02 1.631387314927352714e-02 1.661066728907457241e-02 1.691642941831762725e-02 1.723138078409994570e-02 1.755574091315351831e-02 1.788972705759258458e-02 1.823355362351531880e-02 1.858743158411914689e-02 1.895156787912725266e-02 1.932616480245646223e-02 1.971141938017977394e-02 2.010752274094817355e-02 2.051465948113808530e-02 2.093300702707933877e-02 2.136273499679349971e-02 2.180400456373467188e-02 2.225696782507073299e-02 2.272176717707479615e-02 2.319853470021408098e-02 2.368739155652134845e-02 2.418844740182111985e-02 2.470179981535038094e-02 2.522753374926658965e-02 2.576572100047502464e-02 2.631641970712935222e-02 2.687967387206878847e-02 2.745551291535096652e-02 2.804395125792184806e-02 2.864498793833442081e-02 2.925860626428912481e-02 2.988477350061698526e-02 3.052344059516985328e-02 3.117454194391395400e-02 3.183799519635119313e-02 3.251370110221540877e-02 3.320154340020687461e-02 3.390138874934651297e-02 3.461308670334341947e-02 3.533646972818376558e-02 3.607135326296478928e-02 3.681753582381325912e-02
1.610050710667929388e-02 1.634935040922719240e-02 1.660574996199653056e-02 1.686992585123976013e-02 1.714209968730949496e-02 1.742249421097519582e-02 1.771133287549852761e-02 1.800883940496607327e-02 1.831523732953167088e-02 1.863074949837765712e-02 1.895559757136141069e-02 1.929000149047168863e-02 1.963417893237342365e-02 1.998834474347298273e-02 2.035271035908343268e-02 2.072748320841119943e-02 2.111286610722102816e-02 2.150905664016204005e-02 2.191624653485555949e-02 2.233462102995099202e-02 2.276435823945106851e-02 2.320562851568962193e-02 2.365859381341309242e-02 2.412340705747229377e-02 2.460021151666889200e-02 2.508914018632649526e-02 2.559031518216447337e-02 2.610384714804522832e-02 2.662983468014389413e-02 2.716836377004899772e-02 2.771950726925183697e-02 2.828332437740961949e-02 2.885986015668778881e-02 2.944914507438630910e-02 3.005119457594664437e-02 3.066600869031153864e-02 3.129357166947625835e-02 3.193385166392467139e-02 3.258680043548995570e-02 3.325235310901626662e-02 3.393042796402900158e-02 3.462092626744619345e-02 3.532373214818228246e-02 3.603871251431356448e-02 3.676571701328862352e-02 3.750457803547988661e-02 3.825511076118791320e-02 3.901711325102351358e-02 3.979036657941290023e-02 4.057463501079006107e-02 4.136966621787013798e-02
1.874099145336878547e-02 1.902210390355588837e-02 1.931158171335380092e-02 1.960964844032478047e-02 1.991652789292833181e-02 2.023244367525977097e-02 2.055761870951553980e-02 2.089227473706000218e-02 2.123663179912389093e-02 2.159090769832034198e-02 2.195531744231617177e-02 2.233007267114568706e-02 2.271538106979905866e-02 2.311144576785462146e-02 2.351846472805584065e-02 2.393663012585492411e-02 2.436612772205764069e-02 2.480713623080487915e-02 2.525982668521488395e-02 2.572436180308701817e-02 2.620089535512992382e-02 2.668957153822474823e-02 2.719052435626913983e-02 2.770387701116175730e-02 2.822974130649477664e-02 2.876821706650351668e-02 2.931939157279650141e-02 2.988333902134428580e-02 3.046012000214406296e-02 3.104978100390502413e-02 3.165235394600837693e-02 3.226785573989433831e-02 3.289628788191449604e-02 3.353763607955666248e-02 3.419186991281639165e-02 3.485894253233486756e-02 3.553879039577071547e-02 3.623133304370435709e-02 3.693647291620313217e-02 3.765409521099806478e-02 3.838406778404140213e-02 3.912624109302947906e-02 3.988044818428937432e-02 4.064650472324229241e-02 4.142420906846827622e-02 4.221334238921613247e-02 4.301366882601837666e-02 4.382493569389631083e-02 4.464687372746786037e-02 4.547919736710432509e-02 4.632160508512442321e-02
2.175016023888329264e-02 2.206626755639072221e-02 2.239155460444839513e-02 2.272624394326465749e-02 2.307055697600090063e-02 2.342471344119665191e-02 2.378893088572888587e-02 2.416342411953619970e-02 2.454840465348850226e-02 2.494408012192902632e-02 2.535065369155782913e-02 2.576832345845775363e-02 2.619728183519425685e-02 2.663771493003631863e-02 2.708980192045233257e-02 2.755371442313571742e-02 2.802961586289338253e-02 2.851766084280779948e-02 2.901799451813617814e-02 2.953075197645581643e-02 3.005605762659311134e-02 3.059402459888539358e-02 3.114475415932330474e-02 3.170833514010305137e-02 3.228484338908327311e-02 3.287434124059402524e-02 3.347687700997944993e-02 3.409248451417694337e-02 3.472118262054459809e-02 3.536297482603970033e-02 3.601784886873419383e-02 3.668577637352131438e-02 3.736671253372666340e-02 3.806059583018485404e-02 3.876734778918500268e-02 3.948687278051812161e-02 4.021905785668856287e-02 4.096377263417188413e-02 4.172086921741843812e-02 4.249018216611764875e-02 4.327152850605209961e-02 4.406470778368232893e-02 4.486950216441907419e-02 4.568567657435625845e-02 4.651297888505755845e-02 4.735114014081400619e-02 4.819987482762027459e-02 4.905888118295276268e-02 4.992784154527609569e-02 5.080642274205539322e-02 5.169427651491273479e-02
2.517030966746928652e-02 2.552408385517615855e-02 2.588783995559307619e-02 2.626179477608521495e-02 2.664616247072439104e-02 2.704115399143428369e-02 2.744697652316020406e-02 2.786383290461455844e-02 2.829192103628592331e-02 2.873143327753316725e-02 2.918255583470838813e-02 2.964546814236845157e-02 3.012034223973771366e-02 3.060734214468059308e-02 3.110662322752014847e-02 3.161833158710970759e-02 3.214260343161684519e-02 3.267956446651945623e-02 3.322932929233859273e-02 3.379200081464121125e-02 3.436766966884172159e-02 3.495641366230766572e-02 3.555829723623966238e-02 3.617337094974230199e-02 3.680167098843632051e-02 3.744321869987973089e-02 3.809802015797107699e-02 3.876606575839766644e-02 3.944732984707203377e-02 4.014177038336623482e-02 4.084932863980884205e-02 4.156992893976029640e-02 4.230347843441633476e-02 4.304986692032412854e-02 4.380896669842043734e-02 4.458063247541953211e-02 4.536470130819912627e-02 4.616099259164399560e-02 4.696930809022286518e-02 4.778943201338570895e-02 4.862113113468531644e-02 4.946415495434380166e-02 5.031823590480364455e-02 5.118308959863213103e-02 5.205841511797563298e-02 5.294389534459839619e-02 5.383919732938700908e-02 5.474397270005248312e-02 5.565785810562332708e-02 5.658047569619640421e-02 5.751143363629005606e-02
2.904828976052766659e-02 2.944230312446408093e-02 2.984706964422591258e-02 3.026279554428560822e-02 3.068968286149938857e-02 3.112792886697626077e-02 3.157772547596137541e-02 3.203925864755487185e-02 3.251270777621100005e-02 3.299824507707584120e-02 3.349603496732271590e-02 3.400623344573578538e-02 3.452898747287173192e-02 3.506443435419455412e-02 3.561270112863165055e-02 3.617390396503442074e-02 3.674814756905359081e-02 3.733552460294261438e-02 3.793611512079761439e-02 3.854998602171846173e-02 3.917719052333558383e-02 3.981776765809581092e-02 4.047174179462922211e-02 4.113912218643705349e-02 4.181990255004505025e-02 4.251406067465365174e-02 4.322155806519747956e-02 4.394233962058968074e-02 4.467633334878535339e-02 4.542345012014270544e-02 4.618358346039877493e-02 4.695660938440947285e-02 4.774238627162621235e-02 4.854075478410336403e-02 4.935153782764737512e-02 5.017454055653248340e-02 5.100955042202206385e-02 5.185633726474897509e-02 5.271465345082214371e-02 5.358423405134533912e-02 5.446479706485591460e-02 5.535604368201642311e-02 5.625765859172367905e-02 5.716931032763829246e-02 5.809065165398569902e-02 5.902131998932742124e-02 5.996093786687090726e-02 6.090911342975416365e-02 6.186544095962328432e-02 6.282950143671539589e-02 6.380086312956109729e-02
3.343646043991362060e-02 3.387314404793437955e-02 3.432130160902806260e-02 3.478112408321059473e-02 3.525279672085432359e-02 3.573649846744438724e-02 3.623240136063730216e-02 3.674066992166408196e-02 3.726146054322074241e-02 3.779492087608037759e-02 3.834118921673771579e-02 3.890039389846355888e-02 3.947265268819706574e-02 4.005807219174183781e-02 4.065674726975259529e-02 4.126876046700930084e-02 4.189418145746535288e-02 4.253306650753368306e-02 4.318545796003738640e-02 4.385138374119514765e-02 4.453085689294605104e-02 4.522387513283349786e-02 4.593042044357196346e-02 4.665045869431096864e-02 4.738393929548741224e-02 4.813079488902676645e-02 4.889094107550493590e-02 4.966427617973562941e-02 5.045068105608038062e-02 5.125001893461435254e-02 5.206213530910409198e-02 5.288685786757385543e-02 5.372399646605651585e-02 5.457334314593700886e-02 5.543467219511314520e-02 5.630774025301009400e-02 5.719228645930148763e-02 5.808803264600952143e-02 5.899468357247440731e-02 5.991192720251322518e-02 6.083943502291846300e-02 6.177686240228493636e-02 6.272384898900011663e-02 6.368001914708540379e-02 6.464498242844153586e-02 6.561833407991930767e-02 6.659965558352295978e-02 6.758851522794283306e-02 6.858446870951843966e-02 6.958705976064738508e-02 7.059582080357994227e-02
3.839400394555492896e-02 3.887561227403243252e-02 3.936934514015247993e-02 3.987537392639449452e-02 4.039386284291857782e-02 4.092496832677704893e-02 4.146883843782894763e-02 4.202561225356216817e-02 4.259541926510789639e-02 4.317837877679771286e-02 4.377459931166526735e-02 4.438417802533451556e-02 4.500720013075960868e-02 4.564373833629017940e-02 4.629385229953040387e-02 4.695758809943759854e-02 4.763497772906994526e-02 4.832603861134211753e-02 4.903077314007791426e-02 4.974916824857211761e-02 5.048119500777508567e-02 5.122680825610873706e-02 5.198594626280092501e-02 5.275853042649318592e-02 5.354446501073562015e-02 5.434363691782959083e-02 5.515591550232079587e-02 5.598115242527499508e-02 5.681918155029768575e-02 5.766981888207864393e-02 5.853286254806178146e-02 5.940809282365480670e-02 6.029527220120847741e-02 6.119414550280953546e-02 6.210444003674615854e-02 6.302586579732302741e-02 6.395811570752585329e-02 6.490086590385854559e-02 6.585377606250976401e-02 6.681648976584181332e-02 6.778863490804197534e-02 6.876982413862636756e-02 6.975965534235174792e-02 7.075771215395940117e-02 7.176356450605690662e-02 7.277676920833606178e-02 7.379687055622538572e-02 7.482340096699002796e-02 7.585588164121653820e-02 7.689382324755178466e-02 7.793672662851763855e-02
4.398871043844835432e-02 4.451729205729721556e-02 4.505855898447121144e-02 4.561265928460225827e-02 4.617973248743274112e-02 4.675990899183517235e-02 4.735330947087373205e-02 4.796004428022588445e-02 4.858021287233206531e-02 4.921390321868669010e-02 4.986119124270819297e-02 5.052214026564054439e-02 5.119680046793406020e-02 5.188520836853692531e-02 5.258738632449413281e-02 5.330334205320402807e-02 5.403306817961998215e-02 5.477654181060440108e-02 5.553372413855596490e-02 5.630456007632209797e-02 5.708897792529413207e-02 5.788688907845426779e-02 5.869818776000196303e-02 5.952275080304126470e-02 6.036043746664974952e-02 6.121108929348702266e-02 6.207453000892702161e-02 6.295056546252363050e-02 6.383898361243485475e-02 6.473955455325197672e-02 6.565203058749041753e-02 6.657614634081640559e-02 6.751161892089863059e-02 6.845814811959112511e-02 6.941541665797475169e-02 7.038309047361000770e-02 7.136081904918317731e-02 7.234823578156623913e-02 7.334495839015148233e-02 7.435058936317681666e-02 7.536471644061458475e-02 7.638691313206733002e-02 7.741673926799302885e-02 7.845374158247120366e-02 7.949745432561904079e-02 8.054739990368253721e-02 8.160308954474210230e-02 8.266402398791115880e-02 8.372969419384758416e-02 8.479958207435307760e-02 8.587316123880267549e-02
5.029939320737414343e-02 5.087676427297708331e-02 5.146727254023800852e-02 5.207103976573995013e-02 5.268817794089742518e-02 5.331878870946529791e-02 5.396296279023053699e-02 5.462077940726380032e-02 5.529230573013751288e-02 5.597759632653821760e-02 5.667669262969977917e-02 5.738962242307414641e-02 5.811639934463034424e-02 5.885702241312529975e-02 5.961147557863832880e-02 6.037972729958587803e-02 6.116173014834862254e-02 6.195742044754373734e-02 6.276671793886443029e-02 6.358952548628224455e-02 6.442572881527533490e-02 6.527519628960019860e-02 6.613777872696956217e-02 6.701330925483731105e-02 6.790160320732326060e-02 6.880245806413484710e-02 6.971565343216486188e-02 7.064095107026148457e-02 7.157809495748369832e-02 7.252681140496794465e-02 7.348680921135192223e-02 7.445777986151246031e-02 7.543939776820163257e-02 7.643132055598099439e-02 7.743318938669005447e-02 7.844462932551429790e-02 7.946524974656073159e-02 8.049464477669990292e-02 8.153239377628614115e-02 8.257806185523731968e-02 8.363120042282976008e-02 8.469134776944835241e-02 8.575802967843078328e-02 8.683076006604689701e-02 8.790904164757858130e-02 8.899236662738818637e-02 9.008021741080765588e-02 9.117206733563099075e-02 9.226738142095540496e-02 9.336561713109053917e-02 9.446622515223920824e-02
5.741914826896927365e-02 5.804686092800952213e-02 5.868803567395003418e-02 5.934276585520059655e-02 6.001113397923268922e-02 6.069321115032958597e-02 6.138905651635023775e-02 6.209871672690155803e-02 6.282222540532353405e-02 6.355960263689053313e-02 6.431085447560729029e-02 6.507597247194776835e-02 6.585493322383408066e-02 6.664769795308785050e-02 6.745421210950976187e-02 6.827440500465051243e-02 6.910818947723028349e-02 6.995546159204908687e-02 7.081610037409906411e-02 7.168996757945170217e-02 7.257690750434382665e-02 7.347674683372945603e-02 7.438929453039673512e-02 7.531434176558307603e-02 7.625166189184037768e-02 7.720101045872568291e-02 7.816212527170780799e-02 7.913472649449812546e-02 8.011851679482850930e-02 8.111318153351555760e-02 8.211838899647141976e-02 8.313379066914111659e-02 8.415902155267478146e-02 8.519370052097380297e-02 8.623743071758808998e-02 8.728979999128826106e-02 8.835038136898688832e-02 8.941873356454844990e-02 9.049440152189354436e-02 9.157691699068984392e-02 9.266579913280670322e-02 9.376055515761777537e-02 9.486068098414422722e-02 9.596566192795721872e-02 9.707497341069178109e-02 9.818808168997207597e-02 9.930444460750240121e-02 1.004235123530516777e-01 1.015447282420321035e-01 1.026675295043708025e-01 1.037913480823662860e-01
6.545975758897662478e-02 6.613904861868205587e-02 6.683198298268887283e-02 6.753862450266077955e-02 6.825902524988826381e-02 6.899322500803167779e-02 6.974125074832100701e-02 7.050311611959431124e-02 7.127882095554433084e-02 7.206835080152225459e-02 7.287167646320436010e-02 7.368875357937472448e-02 7.451952222100913237e-02 7.536390651876131996e-02 7.622181432085729791e-02 7.709313688329702541e-02 7.797774859413648951e-02 7.887550673349907893e-02 7.978625127081527546e-02 8.070980470064458012e-02 8.164597191826988842e-02 8.259454013609181244e-02 8.355527884167376906e-02 8.452793979811649983e-02 8.551225708725677943e-02 8.650794719600451987e-02 8.751470914594765282e-02 8.853222466617172159e-02 8.956015840905916237e-02 9.059815820865323166e-02 9.164585538099598305e-02 9.270286506567831930e-02 9.376878660767506979e-02 9.484320397837839312e-02 9.592568623459150901e-02 9.701578801410006003e-02 9.811305006630648140e-02 9.921699981628338827e-02 1.003271519604899548e-01 1.014430090922895517e-01 1.025640623553092934e-01 1.036897921226060948e-01 1.048196686995221949e-01 1.059531530480610217e-01 1.070896975305588861e-01 1.082287466703912571e-01 1.093697379274275322e-01 1.105121024859264806e-01 1.116552660525645946e-01 1.127986496622907786e-01 1.139416704897157351e-01
7.455765175655845733e-02 7.528934733777696564e-02 7.603470970791044448e-02 7.679377305406900889e-02 7.756655907193296673e-02 7.835307645633358964e-02 7.915332040730116425e-02 7.996727215392318566e-02 8.079489849832859061e-02 8.163615138206829769e-02 8.249096747711150146e-02 8.335926780359964594e-02 8.424095737642157966e-02 8.513592488257083757e-02 8.604404239113812303e-02 8.696516509766867575e-02 8.789913110448312195e-02 8.884576123841345097e-02 8.980485890725851961e-02 9.077620999609824215e-02 9.175958280444411475e-02 9.275472802502664205e-02 9.376137876484723355e-02 9.477925060893849230e-02 9.580804172709900257e-02 9.684743302368142848e-02 9.789708833033421154e-02 9.895665464141339962e-02 1.000257623916056271e-01 1.011040257751259636e-01 1.021910431056877178e-01 1.032863972162755134e-01 1.043896558975962174e-01 1.055003723739335042e-01 1.066180858149891053e-01 1.077423218821626921e-01 1.088725933075976454e-01 1.100084005042090696e-01 1.111492322048061310e-01 1.122945661283293733e-01 1.134438696711437822e-01 1.145966006212570248e-01 1.157522078932769621e-01 1.169101322818703048e-01 1.180698072314545488e-01 1.192306596198263180e-01 1.203921105534158792e-01 1.215535761718564561e-01 1.227144684595608964e-01 1.238741960620184795e-01 1.250321651045473437e-01
8.488199582666512699e-02 8.566633607043719345e-02 8.646419876207812882e-02 8.727558930630230360e-02 8.810050003762577575e-02 8.893890973994754423e-02 8.979078318415564808e-02 9.065607068604254748e-02 9.153470768677669789e-02 9.242661435811681814e-02 9.333169523448479887e-02 9.424983887393156845e-02 9.518091754992916154e-02 9.612478697581368359e-02 9.708128606358285007e-02 9.805023671861708146e-02 9.903144367175258089e-02 1.000246943499824154e-01 1.010297587869020131e-01 1.020463895738501353e-01 1.030743218525242977e-01 1.041132733496740043e-01 1.051629444542955122e-01 1.062230183375711817e-01 1.072931611156141135e-01 1.083730220548976969e-01 1.094622338200703787e-01 1.105604127636754669e-01 1.116671592571288479e-01 1.127820580621312352e-01 1.139046787415346346e-01 1.150345761085228569e-01 1.161712907128199662e-01 1.173143493624971834e-01 1.184632656798191436e-01 1.196175406894485899e-01 1.207766634372143960e-01 1.219401116375482264e-01 1.231073523476016729e-01 1.242778426659809504e-01 1.254510304539595833e-01 1.266263550769784751e-01 1.278032481641952489e-01 1.289811343838058733e-01 1.301594322318421482e-01 1.313375548321344399e-01 1.325149107451230879e-01 1.336909047832144926e-01 1.348649388303919672e-01 1.360364126638221594e-01 1.372047247752269661e-01
9.664562007530280718e-02 9.748195282701900555e-02 9.833149271054020257e-02 9.919421800919667187e-02 1.000700935080041515e-01 1.009590700420387593e-01 1.018610840649309957e-01 1.027760572397023037e-01 1.037038960541090682e-01 1.046444914625965922e-01 1.055977185568774818e-01 1.065634362670565827e-01 1.075414870951169610e-01 1.085316968824601852e-01 1.095338746130659763e-01 1.105478122536948798e-01 1.115732846324057337e-01 1.126100493565090205e-01 1.136578467709054019e-01 1.147163999575933208e-01 1.157854147769548231e-01 1.168645799512486178e-01 1.179535671905636574e-01 1.190520313612994652e-01 1.201596106970664185e-01 1.212759270517135973e-01 1.224005861940185430e-01 1.235331781433995357e-01 1.246732775458417181e-01 1.258204440890670350e-01 1.269742229558200874e-01 1.281341453139948905e-01 1.292997288421844637e-01 1.304704782891039638e-01 1.316458860652181817e-01 1.328254328647841542e-01 1.340085883164272851e-01 1.351948116602678662e-01 1.363835524495402851e-01 1.375742512745752322e-01 1.387663405069572420e-01 1.399592450616209127e-01 1.411523831746168411e-01 1.423451671942497498e-01 1.435370043832778220e-01 1.447272977298602048e-01 1.459154467649473041e-01 1.471008483838188718e-01 1.482828976695118595e-01 1.494609887159052686e-01 1.506345154482782445e-01
